-9.0270141e-02,3.2268546e-02,9.3518455e-02,-8.2735463e-02,-9.5209907e-02,-1.1657022e-01,-8.3062395e-02,9.7053032e-02,9.1999779e-02,6.1526520e-02,-2.3955567e-01
7.8530156e-02,1.5148559e-01,3.3276519e-01,-1.7976482e-01,1.1434520e-01,2.8171156e-01,-1.3689318e-01,2.1246878e-01,-1.1211571e-02,-1.1606990e-01,-1.2646021e-01
1.7145371e-01,4.4566891e-02,1.8646552e-01,1.0438651e-03,-3.5310165e-01,3.8014037e-02,3.9449694e-02,-1.7684868e-01,8.9304511e-02,-3.3596844e-03,1.8409788e-01
1.5954414e-01,-1.7463730e-01,-1.2246042e-01,-2.5524287e-01,-1.6300305e-01,-1.7241562e-01,-1.3098307e-01,2.5938484e-01,5.3946059e-02,-1.5906840e-02,1.9173302e-01
-2.2236019e-01,-1.0598041e-01,2.0071669e-01,-1.1976121e-01,1.4968243e-01,-5.1930275e-02,1.7411233e-01,7.4708650e-02,-2.5614600e-01,-6.7842232e-02,-1.0640402e-01
2.6498204e-01,2.1101679e-01,3.4829300e-02,1.9675300e-02,9.7179303e-02,6.5236645e-02,-2.2790107e-01,-2.1518939e-01,-9.9275627e-02,2.0753558e-01,-1.1413554e-01
-2.5482513e-01,-8.2788876e-02,-4.5582055e-02,-2.9366500e-01,-1.0504367e-01,2.4366918e-01,-7.9946276e-02,2.4800967e-01,-1.2761968e-01,1.5808183e-01,-3.1813714e-01
-2.0232999e-01,1.5916142e-01,4.1082511e-02,-2.4067456e-01,1.1614700e-01,8.6830204e-02,1.7353929e-02,-3.2244835e-02,3.2885489e-01,2.6261731e-01,2.7930760e-01
-2.9107369e-01,-7.7015245e-02,9.0641679e-02,-5.0635453e-02,-2.5883443e-01,1.9341775e-01,-1.0869861e-02,2.5955825e-01,-2.0013001e-01,8.9778669e-02,-1.5895935e-03
-3.1222061e-01,-7.6688472e-02,-1.8338355e-01,-2.2138547e-02,1.3647375e-01,2.6109491e-01,-2.5449085e-01,2.6469481e-01,-2.3845349e-01,-1.2338973e-01,-2.8059209e-01
1.4398664e-01,1.2579022e-01,-7.2395667e-03,-1.5466911e-01,2.5018132e-01,-1.5136797e-01,-5.7979971e-02,-2.0266670e-01,-2.6507245e-01,-2.0989405e-01,-2.3585356e-01
-2.4081117e-01,-6.3277711e-02,2.0819906e-01,3.6752808e-01,1.6029344e-01,6.9009165e-02,1.0003868e-01,1.8854979e-01,2.6615237e-01,-1.5096783e-01,1.8888327e-02
7.5948849e-02,1.4913352e-01,-1.0865387e-01,1.0621181e-01,-3.2059147e-02,-2.6403939e-01,1.0783804e-01,5.6514628e-02,1.8425494e-01,2.0634963e-01,-1.4122697e-01
-7.5327837e-02,1.7864918e-01,2.9328899e-01,-3.1474882e-02,-1.0875229e-01,-9.9359237e-02,3.3321436e-02,-2.0096748e-01,1.7659980e-01,-1.1732367e-01,2.7252369e-02
1.0059412e-01,3.2634757e-02,1.3631960e-01,2.3851217e-01,4.9668575e-02,2.3387827e-01,9.0150995e-02,-2.6605980e-01,1.7978083e-01,-1.2864841e-01,-1.2561555e-01
-7.5500207e-03,-1.5257560e-01,1.1815162e-01,2.9886145e-01,-2.8454151e-01,1.8209844e-01,7.4642405e-02,2.4265751e-01,2.7992963e-01,-1.0285831e-01,2.4591221e-01
-7.6916217e-02,-2.5311331e-01,-1.9146623e-02,-9.8102475e-02,1.8168105e-01,-5.2532385e-02,5.1806425e-02,1.0135290e-02,1.7376172e-01,-1.6954474e-01,2.1665232e-01
-2.3451699e-01,7.3894450e-02,-1.3556576e-01,9.6945609e-02,3.3221812e-01,2.5190317e-01,7.9462163e-02,-1.9464039e-01,1.8676390e-01,2.7275389e-01,-1.7925155e-01
-2.6453961e-01,-2.9206244e-02,1.8165676e-01,7.2644740e-02,1.4013991e-01,2.6053832e-01,1.9804673e-02,-8.8619932e-02,7.9978302e-02,-2.9484177e-01,-2.5288313e-01
-9.9094796e-02,-2.3747186e-01,3.6945480e-01,9.2504207e-02,-2.3176472e-01,1.5748843e-02,-2.5554146e-01,1.0341390e-01,3.0525949e-01,-1.6679788e-01,-2.6275949e-01
-1.1646481e-02,-2.5983566e-01,1.0241879e-01,-4.7449569e-02,-5.1148870e-02,7.3009008e-02,6.5185327e-02,1.8671281e-02,2.1949446e-01,2.8375253e-01,6.4155328e-02
2.5382846e-01,-1.5852564e-01,2.2300871e-01,-3.8361052e-02,2.5066498e-01,-2.0124309e-01,1.0856031e-01,1.5160612e-01,1.5759430e-01,-1.0455363e-02,1.3927725e-01
5.1899576e-02,-2.1710095e-01,-3.0205399e-01,1.4501496e-01,-4.7581827e-02,1.2904679e-01,2.6011386e-01,5.2739101e-02,-2.5229020e-01,-2.8648622e-01,1.3523970e-01
-2.0919565e-01,-2.8878781e-01,1.4383191e-01,1.1566038e-01,2.6405748e-02,1.5709298e-01,2.2126689e-01,1.6516352e-01,-2.9934264e-01,-2.3606863e-01,6.9845945e-02
2.8795692e-01,-1.6859002e-01,-2.2560932e-02,1.3762431e-01,2.3332443e-01,2.6799872e-01,-1.3475818e-01,6.9860915e-02,-2.0430940e-02,-1.1370034e-01,-5.7174230e-02
1.8138367e-01,2.5735616e-01,2.8076721e-01,2.5257655e-01,3.0206750e-01,1.3669551e-01,-1.6832880e-01,2.7468166e-01,1.3449796e-01,1.2239505e-01,3.2392115e-01
-2.6459659e-02,-7.1665485e-02,-5.5820702e-03,1.7709260e-01,7.1805455e-02,2.5109736e-02,2.9551933e-01,3.0221531e-01,-1.4485308e-01,1.4440153e-01,-1.9128928e-01
-1.6329398e-01,9.4636464e-02,-1.8281723e-01,-3.9260359e-01,9.7105292e-02,8.1140987e-02,5.2520465e-02,1.9440600e-01,-2.3649401e-01,2.7344335e-01,-1.9065201e-01
2.0743543e-01,2.7441104e-01,7.9035944e-02,-2.0861429e-01,-1.4648340e-01,1.1799243e-01,-4.4724571e-02,2.3829839e-01,1.9596414e-01,-4.2518884e-02,-6.3591223e-03
-2.6144486e-01,-2.1064484e-01,1.6871756e-01,-2.3390553e-02,1.5122550e-01,-9.2659467e-02,-1.6910857e-01,-1.8773790e-01,5.0895400e-02,1.3443087e-01,1.5231715e-02
2.1465722e-01,-1.3538569e-01,1.6220199e-01,2.0289009e-01,-6.6277128e-02,2.1612336e-01,-7.0642156e-02,2.1849120e-01,-7.8750911e-02,-2.2001599e-01,1.5120730e-01
5.2947094e-02,2.1354487e-01,-2.3255897e-01,-1.1309771e-01,2.2401651e-01,-1.9809471e-01,1.6774676e-01,9.0485904e-02,-9.2364736e-02,1.5692261e-01,-2.8007078e-01
2.4564365e-01,4.3398123e-02,-2.0624154e-01,-2.2769778e-01,-2.9892810e-01,-4.9830534e-02,-8.0885572e-02,-4.4585163e-02,-8.2301405e-02,-2.9192040e-01,-7.1201323e-02
-2.0368533e-01,1.2193881e-01,-9.1809573e-02,1.8446220e-01,-4.7041108e-02,7.3956488e-02,-2.0237127e-02,-8.5091482e-02,-1.5675961e-01,1.2633148e-01,-1.0360647e-01
-2.7185058e-02,1.6045538e-01,1.9097689e-01,3.0627730e-01,-1.4362420e-01,-8.9583432e-02,-9.7804521e-02,-1.5567653e-01,2.5242708e-01,2.1994328e-01,-2.8295623e-01
-1.2399891e-01,7.0249707e-02,1.0015081e-01,-2.2908888e-01,5.2607463e-02,2.3199193e-01,3.5959291e-02,2.5364068e-01,3.0273772e-01,-2.1516423e-01,-1.4801790e-01
-7.5126820e-02,1.4267030e-01,-1.1280442e-01,4.8568400e-02,-2.0214887e-01,-8.3839458e-02,-2.0397015e-01,1.9590614e-01,-2.4424806e-01,-5.8718235e-02,1.5033958e-01
1.5117639e-01,-2.7482798e-01,4.1346483e-02,-8.0498978e-02,1.6312165e-01,1.6487270e-04,2.0726239e-01,2.5056237e-01,-1.6879376e-02,1.0378900e-01,1.5571596e-01
-2.2836084e-01,1.7527223e-02,1.9021963e-01,2.1360706e-01,2.9555896e-01,9.2532858e-02,1.7627100e-01,2.0849684e-01,1.1163960e-01,3.1580871e-02,-1.5940732e-01
2.3422837e-01,-4.1814692e-02,1.0851290e-01,-1.8316417e-01,1.5129674e-01,-9.8968106e-02,-2.2049846e-02,-1.0158960e-01,-2.6916209e-01,2.5079675e-01,-2.5948793e-01
-2.8214532e-01,7.3385380e-02,2.0677629e-01,-2.2705403e-01,3.2050949e-03,1.1224510e-01,1.5864620e-01,1.7142845e-02,5.8919608e-02,3.1365076e-02,-1.2805015e-01
2.3414961e-01,-7.8041315e-02,1.9444139e-01,-6.6421029e-02,-2.6039660e-02,7.4295850e-02,2.4075902e-01,-3.0162387e-01,2.6768589e-01,-1.1495934e-01,2.1779536e-01
1.6731159e-01,8.0477237e-02,-1.0477224e-01,3.3732272e-01,-1.5543942e-01,9.5267986e-02,2.7336411e-01,-2.6283671e-01,3.2048757e-02,2.9708788e-01,1.5275531e-01
-1.3771179e-01,1.6919187e-01,-1.4125643e-01,-1.7460623e-01,7.2654174e-02,-1.6052319e-01,-1.8750830e-01,4.1767345e-03,2.8904943e-01,-2.9017889e-01,2.9230462e-01
-6.2056244e-02,-1.0654953e-01,-2.2092527e-01,-6.6932157e-03,-1.8542057e-01,2.2577161e-01,1.1112442e-01,2.4249112e-01,1.4895982e-01,1.9277715e-01,6.7732804e-02
5.3593288e-02,5.6450209e-02,-3.0440046e-02,1.4625891e-01,9.9149730e-02,-1.1978320e-01,-1.1048517e-01,-2.5731573e-01,5.3544700e-02,-2.2050747e-02,-1.3904426e-02
7.0264840e-02,-1.3935973e-01,2.3659871e-02,-2.5446139e-01,-1.3922960e-01,1.0348605e-01,7.8754883e-02,2.5341582e-02,-7.9182364e-02,-2.3428211e-02,9.4757183e-02
7.5843165e-02,1.5560039e-01,-3.1209605e-02,-7.4412446e-02,-2.3117249e-01,2.0531024e-01,-1.5837515e-02,5.5617288e-03,-1.3655711e-01,-2.7508190e-01,-3.2441452e-02
2.2879042e-01,-2.0059556e-01,1.0377727e-02,-3.4299190e-01,2.1321798e-02,1.8130825e-01,1.9972896e-01,-6.5477866e-02,2.1968843e-02,1.9577124e-01,-1.4132627e-01
-1.8158977e-01,1.0013172e-01,-5.8220740e-03,-1.5692154e-02,1.2903486e-01,-2.6012843e-02,9.8374517e-02,2.8537500e-02,1.0959223e-01,2.6953522e-02,3.4155659e-01

2.5792006e-01,-1.1577917e-01,-2.0981479e-01,2.8805760e-02,2.6174754e-01,1.4715606e-02,1.1583322e-01,1.7653066e-01,9.8051054e-02,1.9856472e-01,9.3671886e-02,2.1989111e-01,4.0456088e-02,1.6409101e-01,2.2056134e-01,-1.6854234e-01,-2.9476949e-01,3.1294882e-02,1.5260938e-01,-1.9294970e-02,1.7142671e-01,-2.6939608e-01,-8.8203026e-03,-1.6291600e-02,1.5226818e-01,9.1161196e-03,-4.1790673e-02,-2.6828506e-01,-1.4197223e-01,-2.7996187e-01,-1.7986527e-01,1.7439119e-01,3.9508433e-02,-2.5719596e-01,1.6633277e-02,2.0541907e-01,-9.4912302e-04,2.0783304e-01,2.8622346e-01,-3.1500997e-01,-2.7172250e-01,-5.3207585e-02,-1.2459379e-01,2.1969968e-01,-2.4329477e-02,-1.7110828e-01,-4.3530008e-03,1.2783979e-01,1.3917712e-01,-7.5975624e-03

-3.1307811e-02,-3.8089112e-02,-1.3478498e-01,4.2726502e-02,9.6655724e-02,5.7425967e-03,5.0617551e-02,2.2670246e-02,2.8819326e-02,5.7667530e-02,-6.8388867e-03,-1.5740235e-02,-5.2610621e-02,-2.5342591e-02,1.2257047e-01,-5.7599035e-02,1.2789593e-01,2.6060112e-03,7.3488100e-02,-5.9369977e-02,9.1663669e-02,-6.1994045e-02,-1.8925716e-02,-1.0647277e-01,-8.7513293e-02,4.9758425e-02,1.4096374e-02,3.7459956e-02,-2.9577360e-04,2.5204678e-02,-1.2615039e-01,1.3172699e-01,1.2457546e-01,-8.3337128e-02,-5.1569925e-02,-9.0672315e-02,9.4895678e-02,-2.4147266e-02,-1.1001325e-01,5.3719998e-02,1.0020293e-01,1.2218267e-01,-1.3992144e-01,5.5344980e-02,-2.9528866e-02,7.7045803e-02,1.9065183e-02,-1.1863208e-01,-4.2604881e-02,-6.0941217e-03
-1.1874744e-01,7.9551539e-02,1.2337325e-01,1.4398931e-02,-1.7447671e-01,9.4253603e-02,-5.4901862e-02,-1.3147373e-01,-2.6241380e-02,1.2808561e-01,-8.0539308e-02,-3.8728971e-02,1.2515276e-01,-4.5513442e-02,1.6806149e-02,7.7280280e-02,-3.0915720e-02,-7.2599842e-02,-9.8316617e-02,8.0171708e-03,4.4641287e-02,-1.1758348e-01,7.3939269e-02,8.7416071e-02,2.4117396e-02,1.4042362e-01,2.6621145e-02,4.2669151e-03,-5.7529447e-02,1.4436907e-02,-1.2539133e-01,1.0823784e-01,9.8711835e-02,-5.6552400e-02,9.2033426e-02,4.7881872e-02,-1.3359298e-01,-3.6337926e-02,-6.4070685e-02,-6.5424908e-02,-1.0725677e-01,-7.2580691e-02,-6.9969932e-02,4.7803825e-02,-2.3752094e-02,-3.8909143e-02,8.8936282e-02,-2.2123913e-02,-8.0656466e-02,7.5896348e-02
-6.7647028e-03,-8.9715670e-02,-1.0226050e-01,7.4513725e-02,1.1705766e-01,-7.3949480e-02,-6.8292252e-02,2.8149863e-02,-6.7616373e-02,-1.0420249e-01,-1.7781965e-02,1.2194708e-02,-1.7685831e-02,9.2528233e-02,2.0836791e-02,-1.0070134e-01,-1.0576525e-01,6.8040314e-02,6.5853271e-02,-4.9416991e-02,5.8397269e-03,-9.6294585e-02,1.1553550e-01,-3.8904030e-02,4.2144831e-02,1.0559265e-01,-1.1927237e-01,-9.7763405e-02,1.2574742e-01,5.7761683e-02,-1.2268514e-01,-8.6308982e-02,-6.3497082e-02,1.1340067e-01,1.0470376e-01,-5.6744530e-02,1.2657133e-01,4.8558016e-02,-1.4432359e-01,5.3831293e-02,7.3128693e-02,-6.8467725e-02,1.4114880e-01,-1.3883969e-01,1.6793859e-02,-4.6112813e-03,-1.0378487e-01,-1.3077772e-01,-1.0932453e-01,-8.8928702e-02
-1.4172455e-02,2.6767665e-02,-1.7048447e-01,-8.0276736e-02,1.3211123e-01,-1.2504921e-01,-1.0531359e-01,7.4680606e-02,-9.9429452e-02,-1.0869215e-01,8.6050267e-02,1.1205460e-01,6.4850308e-02,-6.0076175e-02,1.1134135e-01,-6.0683971e-02,-8.8741483e-02,-1.0073947e-01,5.1930352e-02,-3.8732811e-02,9.9736985e-02,-1.3611288e-01,-1.3057548e-02,-7.0620190e-02,-1.2551821e-01,-1.4030356e-01,-1.0622363e-02,-7.9048693e-02,-5.2967068e-02,-9.4863010e-02,1.3351502e-01,1.4144599e-01,-4.6578071e-04,-1.1056568e-02,1.1020998e-02,-1.3291214e-01,4.5502240e-02,-5.5729735e-02,6.0106517e-02,5.3846749e-02,3.4303100e-02,-3.6451530e-02,-3.3828634e-03,-6.6274172e-03,7.1909353e-02,-1.3763616e-02,-6.3401205e-02,-6.6197537e-02,1.3553080e-01,-4.4068667e-02
-1.7074439e-02,-8.7513260e-02,8.6046704e-02,1.4444563e-01,-7.3072574e-02,-2.1065669e-02,-5.5616086e-02,3.9978622e-02,-7.9395723e-02,-1.2167274e-01,-1.7565630e-02,1.0864055e-01,-1.1677939e-01,1.0492106e-01,1.0396028e-01,5.0205883e-02,-6.1344923e-02,-2.6801751e-03,2.3201175e-02,1.4057171e-01,4.5568889e-02,7.3123925e-02,-1.2302268e-01,-1.3070879e-01,1.3282876e-02,4.4072852e-02,1.2853453e-01,-2.8655130e-02,-4.3001661e-02,-1.0120246e-01,-3.9946928e-02,-6.3365433e-03,-4.5644595e-02,-9.6405384e-03,9.0997646e-02,-1.3099671e-01,-5.8405033e-02,1.1941146e-01,7.2576052e-02,1.1075944e-01,-1.0495274e-01,1.3292790e-01,1.0103464e-01,3.6914443e-02,1.5048337e-01,-9.0605938e-02,3.2005418e-03,-3.5675436e-02,4.8994617e-02,1.1188903e-01
-9.0955081e-02,-9.5190735e-02,2.6507666e-03,-2.6211333e-02,9.4456269e-02,1.0889429e-01,7.0355030e-02,1.9619320e-02,1.0907275e-01,1.5255036e-01,-4.4974967e-02,1.1492746e-01,-3.2469020e-02,3.4324114e-02,-7.3286611e-02,1.0289084e-01,-3.6634406e-02,-1.0863735e-01,-1.0802052e-01,-8.4969018e-02,3.5295925e-02,-4.3613640e-02,5.0200685e-02,8.2804424e-04,-9.4068136e-02,1.2528492e-01,3.9326291e-02,-3.9335849e-02,-5.5328606e-02,-1.1319401e-02,9.0281847e-02,-1.0751059e-01,1.8263529e-02,1.1407125e-01,-5.5372967e-02,3.4128442e-02,1.5786732e-02,-1.0114157e-01,-5.8603575e-02,-1.3932434e-01,8.9727845e-02,1.1728218e-01,1.2885609e-01,-4.4659889e-02,1.3453705e-01,1.1221047e-01,9.1972681e-02,9.6278801e-02,8.5709948e-02,-4.4746129e-02
-6.6315389e-03,1.3038923e-01,-5.2534702e-03,-1.1759000e-01,-1.4472715e-01,-1.2436190e-02,2.0028198e-02,-7.0826121e-02,8.9987609e-02,1.1202994e-01,-8.8578123e-02,-9.8210965e-02,9.2713965e-03,-7.6577837e-02,-9.7225338e-02,1.3400350e-01,-1.3284091e-02,-2.2524742e-02,4.2285843e-02,-1.0559133e-01,-3.2403089e-02,1.2760038e-01,3.7668050e-03,-1.4432144e-02,1.1780328e-01,1.0829992e-01,-9.1999244e-03,-2.3795999e-02,1.6544426e-02,3.1126343e-02,-2.2776904e-02,6.9893559e-03,-7.9322245e-02,7.0324110e-02,-1.0291177e-01,-1.5083567e-01,-1.3435376e-01,-1.1723582e-01,-8.9760796e-02,1.0556387e-01,-1.2342480e-01,-1.3574289e-01,7.0113074e-02,-5.6619242e-02,4.9423984e-02,9.9048493e-03,-4.8250121e-02,-4.9617347e-02,-1.1439195e-02,-1.1206113e-01
-3.2853753e-02,4.3706270e-03,7.9739070e-02,-1.3868771e-01,3.1951494e-02,1.3060696e-01,8.6408459e-02,-7.9619081e-02,-9.3466735e-02,1.3654005e-01,3.1617726e-02,-1.0314524e-01,1.5574765e-02,8.7450361e-02,2.0393263e-02,-5.6746074e-02,7.5995452e-02,-5.3258877e-02,-8.1250261e-03,-7.8989275e-02,-4.1244752e-02,-1.3384297e-01,1.2451097e-01,1.2566058e-01,1.3679503e-02,1.5548669e-02,7.5580575e-02,-6.9957636e-02,-7.0514015e-02,1.2572974e-01,9.5028584e-02,-5.3243571e-02,1.3223739e-01,1.1452368e-01,5.2093186e-02,-3.3719830e-02,1.3035129e-02,2.4811799e-02,2.1786005e-02,-6.5729701e-02,8.8065417e-02,2.8789908e-02,-1.1197652e-01,-1.9205824e-02,-1.3323429e-01,7.8515947e-02,1.3160674e-01,1.3801212e-02,-5.1895243e-03,-8.3488205e-05
-7.7589159e-02,-5.7152396e-02,8.4436026e-02,-2.7316866e-02,-8.5097738e-02,1.0883263e-01,9.5050455e-02,-1.4574780e-02,5.0295591e-02,-3.7500667e-02,1.2364433e-01,6.9738887e-02,-6.5038942e-02,-9.0295535e-02,-1.8370619e-03,2.0094754e-02,3.6524023e-02,-4.6850423e-02,6.1832398e-02,-7.4763576e-02,-4.0554805e-02,9.8315941e-02,4.1102498e-02,7.0514497e-02,7.3194800e-02,-1.4730805e-01,1.4646377e-01,-1.2812226e-01,-7.1302185e-02,-5.9764589e-02,-2.5365249e-02,-6.5754865e-02,1.1708388e-01,-9.4577341e-02,-1.0556118e-01,8.2279029e-02,4.7170939e-02,5.7094928e-02,2.5580229e-02,1.6270891e-02,-1.1181882e-01,-4.9743373e-02,1.0147050e-01,1.1675537e-03,1.0475414e-01,2.2860307e-02,-1.2989943e-01,1.4684525e-01,-2.7944465e-02,2.9630597e-02
8.6322571e-02,-1.9293117e-02,9.3641733e-02,3.7899779e-02,5.1799522e-04,9.0364620e-02,-3.0488625e-02,1.5351403e-01,4.6479987e-02,-1.4646030e-01,1.3607335e-01,1.6464227e-03,1.2852757e-01,-3.4157272e-02,9.4912963e-03,5.5972565e-02,-9.4537748e-02,1.2016184e-01,-1.5738196e-02,8.5389268e-02,3.1102063e-02,3.0741857e-02,-6.9471690e-02,1.0211246e-01,8.3695366e-02,-4.1311279e-02,1.3903083e-01,1.9985006e-02,-7.8652999e-02,-5.2202218e-02,3.0328210e-03,-6.7545670e-02,9.6024346e-02,6.5050934e-02,-1.2702667e-01,1.0583515e-01,2.3943149e-02,1.0451613e-01,1.1924528e-01,8.7956379e-02,9.4121809e-02,-3.0684635e-03,9.8320648e-02,-1.3340501e-01,-2.3163999e-03,8.4712001e-02,-6.9715697e-02,-8.5770620e-02,1.6671139e-03,-5.7509666e-02
-1.0867580e-02,6.8343963e-02,4.8691553e-02,5.3996656e-02,6.4997990e-02,-8.7001258e-02,6.9169079e-02,-5.2322729e-02,-1.0395918e-01,4.1219723e-02,-1.0171407e-01,-6.7694139e-02,5.0713227e-02,-3.7493954e-02,-1.2561394e-01,-3.0886472e-02,-5.7482520e-02,7.9886913e-02,1.0806078e-01,3.1698938e-02,3.0640321e-02,3.0958045e-02,1.3837654e-01,6.9690849e-02,-1.2702920e-01,1.5554560e-01,-1.1178618e-01,-6.3845280e-02,-6.7623028e-02,-5.6149204e-02,7.5023014e-02,1.1067708e-01,-4.4340438e-02,5.0409153e-02,7.6035267e-02,-4.0599862e-02,-5.3909042e-02,4.2154392e-02,5.7147976e-02,7.1267127e-03,5.3562993e-03,-1.3962934e-01,-4.5916457e-02,2.7779219e-04,1.3086068e-01,9.1770691e-02,-7.2662079e-02,-7.3472031e-02,-4.7896181e-02,-4.7183555e-02
-9.6516616e-02,5.2844806e-03,-8.0778294e-02,-6.5573387e-02,-3.2844919e-02,1.2991436e-02,-3.9267238e-02,9.8433659e-02,-6.3639834e-02,1.0586217e-01,1.3439290e-01,9.7985721e-02,8.1424701e-02,-1.2270664e-01,-1.2409931e-01,9.2837326e-02,1.2539704e-01,5.6042922e-02,2.7039599e-02,-1.1040977e-01,-2.9543212e-02,-1.2667992e-01,2.6055978e-02,-4.6730835e-02,4.2033777e-02,-9.4060785e-02,1.1147842e-01,-9.5895982e-02,8.9581097e-02,-2.2406710e-02,-6.6164836e-02,7.6367449e-02,1.0629175e-01,-7.2306478e-02,5.5756346e-03,6.1989489e-03,1.2933393e-01,7.3170820e-02,-1.4692613e-02,-1.0522758e-01,-4.1831483e-03,-2.6684355e-02,1.0109083e-01,8.6514746e-02,9.5525757e-02,5.1091546e-03,2.0399754e-02,-1.0068643e-01,8.9907891e-02,-7.1410905e-02
-6.3241320e-02,-2.2253774e-02,-1.5639277e-01,5.4190369e-02,3.7507403e-02,-1.1839975e-01,-6.1576815e-02,9.2290699e-02,3.8966510e-03,1.2514455e-01,4.4656841e-02,2.8444014e-04,-2.9506736e-02,2.1567105e-02,-6.8759086e-03,-6.0660395e-02,-1.1043871e-01,-4.3131850e-02,-1.3062000e-01,3.6691857e-02,-3.6209311e-02,-1.2896980e-01,-4.5944784e-02,8.6896155e-02,7.5864717e-02,-5.2340318e-02,-1.2669983e-01,1.2207839e-01,2.3092307e-03,-1.0120532e-01,1.1332470e-01,1.4603953e-01,1.0964626e-01,-4.4309269e-02,-8.6676454e-02,9.6758666e-03,9.7025928e-02,6.9679756e-02,-5.3896530e-02,-3.1165423e-03,3.4324838e-02,9.2943807e-02,1.6972659e-02,3.4937412e-02,-4.4915944e-02,1.7566173e-02,5.1366817e-02,7.8364128e-02,1.2287233e-01,1.3467553e-01
-1.3018547e-01,1.2448197e-01,-7.7243165e-02,1.4392629e-01,-1.0381584e-01,-7.2644124e-02,7.5133486e-02,-1.2973239e-01,-8.5573466e-02,-3.4975638e-02,5.2253761e-02,2.0451859e-02,-1.3401240e-01,-2.4477657e-02,7.4641883e-02,-4.1065088e-02,5.7540884e-02,2.5960149e-02,4.6820589e-02,1.1439835e-01,-5.2215631e-02,3.6437681e-02,1.1711924e-01,4.3560904e-02,5.9464999e-02,6.3455689e-02,6.9763654e-02,2.9157339e-02,1.3904856e-01,-4.5497490e-02,-1.1692734e-01,1.3367849e-01,-7.0292115e-02,1.0562133e-01,8.5946944e-02,-2.8175397e-03,-8.7225574e-02,1.2902973e-01,-5.0520039e-02,-8.6659918e-02,8.7169617e-02,9.7733198e-02,2.8466026e-02,4.5783366e-02,3.5890946e-02,8.3362250e-02,-9.9508780e-03,1.0976254e-01,-9.0383166e-03,-3.2054251e-02
-4.7072170e-02,1.1525411e-01,5.8871004e-02,2.8362898e-02,-5.3057350e-02,-4.5449274e-03,-5.3394712e-02,-9.0296363e-02,7.1972611e-02,-8.3740805e-02,3.0423758e-02,-4.3963605e-02,-2.5023130e-02,-1.0121511e-01,1.0799934e-01,9.3580633e-02,-1.1958144e-01,-6.1778672e-02,7.1897449e-02,1.3589079e-02,-3.3765689e-02,1.1936782e-01,1.5370604e-02,1.0070215e-01,-1.1738935e-01,-1.3101915e-01,-2.0525674e-02,1.2191934e-01,3.4664828e-02,-1.0510283e-01,1.9630346e-03,3.6974505e-02,1.4621473e-01,-1.0729282e-01,2.9363484e-02,-7.5593086e-02,-8.9823924e-02,1.2327922e-01,-1.0319278e-01,5.9146716e-02,-4.8972301e-02,2.3195179e-02,-1.3501130e-01,1.2677736e-01,-5.1391883e-02,9.3102643e-02,8.5841798e-02,-1.1999084e-01,-2.8131417e-02,1.5073639e-03
-7.0742984e-02,-9.7542520e-02,2.7870746e-02,1.7406946e-02,-1.4296928e-02,4.4599414e-02,-1.3305438e-01,9.2842598e-02,1.0538512e-01,8.8283879e-02,7.5575855e-02,6.6025000e-02,5.1307266e-02,-3.7329232e-02,-1.3265484e-01,-6.5802000e-02,6.0397619e-02,-7.6445932e-02,8.3130380e-02,-1.3362277e-01,-1.3224991e-01,6.4087099e-02,5.5362667e-02,5.7378421e-02,-1.3260462e-01,-5.7639078e-02,2.9876200e-03,5.8019827e-02,-1.4169276e-01,1.4776813e-02,1.2469998e-01,6.9461053e-02,-6.7263796e-02,4.2167864e-03,2.3410086e-02,-3.2864776e-02,6.4940997e-02,6.5403247e-03,-1.1581355e-01,-4.3701889e-02,-9.3106582e-02,2.2395930e-02,-5.2299003e-02,5.4601148e-02,-1.1806565e-01,-1.1000697e-01,1.2938319e-01,-1.3212270e-01,-9.7649052e-02,-1.0218298e-01
5.7459556e-02,4.2582565e-02,7.6191498e-02,9.6393015e-02,4.7081887e-02,-1.1576047e-01,1.2877809e-01,-9.0423345e-02,-2.0161396e-02,-9.7896409e-02,7.7896482e-02,6.7993945e-03,-8.7484959e-02,-5.1885061e-02,-7.7923486e-02,1.7054629e-02,1.0214408e-02,-3.7592602e-02,-7.1690984e-02,1.9712917e-02,1.0986232e-01,-6.4292171e-02,-9.2853232e-02,-4.1419183e-02,9.6891149e-02,-1.8352919e-02,-8.2417663e-02,-4.5227385e-03,1.4756845e-01,6.5272230e-02,-5.3097602e-02,-1.0088217e-01,-9.8359080e-02,2.6471968e-02,5.0237929e-02,-8.7296494e-02,-7.0898373e-02,-4.6760090e-02,1.1067748e-01,-2.9779622e-02,-8.8015885e-02,-1.8066316e-02,-9.7816539e-02,1.4360903e-02,1.1351478e-01,-9.6110380e-02,-9.5755855e-02,8.5393982e-02,9.2628311e-02,7.5104212e-02
-1.4728099e-02,-9.0090637e-02,-8.7241214e-02,8.2448708e-02,4.1017076e-02,-1.3635452e-01,1.4900882e-01,-5.2662660e-02,3.9288737e-02,1.9190261e-03,-8.2701688e-03,-9.3956532e-02,1.5546521e-02,-3.9127291e-02,1.2657756e-01,-7.1424736e-02,-5.0190819e-04,5.6901081e-02,1.3737415e-02,-6.0405731e-02,8.4962664e-02,-8.2733321e-02,8.2093578e-02,4.7067811e-02,-1.0607009e-01,-3.4362223e-02,9.8599288e-02,1.3932571e-01,-7.1222542e-02,8.4018950e-02,1.0011465e-01,5.2777875e-03,-3.3376315e-02,-8.2582655e-02,1.1485778e-01,3.2082302e-02,4.0830223e-02,-4.0893707e-02,2.7344689e-02,-4.6134181e-02,5.2336185e-02,6.5270254e-02,-1.3328170e-01,5.7495793e-02,1.3949309e-01,-7.5639120e-02,-1.2048165e-01,-3.0961030e-02,-6.8827189e-05,-6.3964950e-02
3.2195095e-02,-6.7765212e-02,-4.9800797e-02,-6.5237892e-03,7.9916218e-02,1.0973069e-01,-1.1392253e-01,-4.5547080e-02,1.9349096e-02,-7.8983779e-02,1.2152508e-01,-2.0423590e-02,-1.2647498e-01,2.3819583e-02,3.0864613e-02,-4.0870915e-02,-1.3506560e-01,-4.0126841e-02,8.1679307e-02,-9.7845046e-02,7.0368144e-02,-1.1237812e-01,3.5956562e-02,1.2220176e-01,6.3178622e-04,-5.4540763e-02,-3.3089407e-02,6.4226459e-02,1.1409487e-02,-1.6186892e-02,1.0091621e-01,3.3573712e-02,1.1205271e-01,1.3068535e-01,6.8392015e-02,1.1009586e-01,7.7118184e-02,1.1846332e-01,5.0735603e-03,-1.2710188e-02,1.1078833e-01,-1.3254633e-01,-3.3013515e-02,5.4130638e-02,-6.7447809e-02,-1.2264916e-01,-6.4033739e-02,-1.6212347e-02,7.8938271e-02,1.4079190e-03
8.9942483e-02,-8.8151492e-02,-2.3143853e-02,1.3671049e-02,-9.8749070e-02,-1.0355816e-01,1.0883149e-01,7.5484987e-02,5.5502459e-02,5.1368634e-02,-4.1788573e-03,-4.2359077e-02,-9.5961680e-02,-3.9676896e-02,1.1590690e-01,6.4554998e-02,4.2795343e-02,7.6068156e-02,3.0581746e-02,-7.5795265e-02,-7.0829636e-02,-8.1148252e-02,-1.0537706e-01,8.4098415e-02,8.6787558e-02,-7.7999978e-02,-9.2892676e-02,5.4210101e-02,1.1919018e-01,7.7041324e-02,1.4545603e-02,6.5113736e-02,-6.4921338e-02,1.4182095e-01,7.5411832e-02,-6.5874450e-02,-7.0975269e-04,1.3088054e-01,-7.2489303e-02,-4.2346172e-02,7.3838777e-02,2.2280447e-02,-6.8203574e-02,-2.5342661e-02,-1.2824756e-01,-7.0127703e-02,5.2578454e-02,-3.4226533e-02,1.9386989e-02,4.2365704e-03
5.1661170e-02,1.1052539e-02,-7.0319947e-02,-2.6362725e-02,-5.3568843e-02,1.0316381e-01,-1.1819289e-01,8.7738337e-02,-3.9428558e-02,1.2044332e-02,2.1311417e-02,3.5218969e-02,-2.1027873e-02,6.5918169e-02,-6.1367264e-04,-1.1750521e-01,-1.0269264e-01,2.0389817e-02,-2.9713716e-02,7.7255214e-02,-1.1714957e-01,9.0557534e-02,-6.7850404e-02,-1.0799709e-02,9.3541570e-02,5.3087185e-02,1.0441541e-01,-3.2617769e-02,1.3684048e-01,6.0209343e-02,-9.5203149e-02,6.6552946e-02,-1.1047357e-01,-9.3640880e-02,8.1333298e-02,1.3422115e-01,3.8952814e-02,-2.5410692e-03,6.0370953e-02,9.5992900e-02,1.4511879e-01,-1.3140154e-02,1.2164055e-01,1.0001542e-01,1.2804665e-01,7.8477835e-03,-3.1986391e-02,-3.4571769e-02,-3.5787873e-02,6.4075231e-02
-8.0530263e-02,-1.0189793e-01,-9.2275871e-02,-6.1162653e-02,6.7900065e-02,2.9271956e-02,2.8670691e-02,-1.8763690e-02,-8.6713082e-02,9.7996962e-02,-6.0695235e-02,5.4433204e-03,1.2057696e-01,-4.0887058e-02,5.9368401e-02,6.9654643e-02,4.2021238e-02,9.1851972e-02,2.0183957e-02,-1.0631491e-03,-4.5073373e-03,-3.2943880e-02,-9.0360352e-02,-2.8870806e-03,-9.6427776e-02,8.1836176e-02,-3.8767183e-02,1.1456393e-01,1.2999467e-01,-1.1864550e-02,1.2291178e-01,-8.9543994e-02,-1.0165290e-02,8.3239702e-02,2.4383816e-02,-4.5784646e-02,5.9453623e-02,-7.0924822e-02,-1.1355085e-01,-9.3147896e-02,6.7312976e-02,2.8466865e-02,1.0604093e-02,-6.5017710e-02,-6.3205797e-02,-6.6671358e-02,-2.5229772e-02,-2.3308451e-02,1.0224899e-01,1.2466631e-01
-1.4134880e-01,7.6757787e-02,-1.4181375e-01,-1.4452725e-01,4.1337945e-02,-1.3406069e-01,7.0346114e-03,5.0626418e-02,-1.1596763e-01,1.0828067e-01,5.0262916e-02,1.2263703e-01,-1.4454943e-01,-1.3130461e-01,1.2792280e-02,1.2049180e-01,-4.4395957e-02,1.2646883e-01,5.5336606e-02,8.3312526e-02,6.4443735e-02,3.7493799e-02,2.8403450e-02,-4.8658316e-02,6.6380109e-02,5.7181393e-02,-5.0840995e-02,-4.5620033e-02,1.6922906e-02,1.3178768e-01,-1.2221901e-01,-1.4497080e-01,-4.0371090e-02,-2.0361387e-02,-2.6896285e-02,-2.4620087e-02,7.4318268e-02,-1.2300822e-01,1.1954289e-01,-4.3443736e-03,7.0883848e-02,-1.8330810e-02,8.4107782e-02,-9.8731218e-03,-9.1264320e-02,-5.4480181e-02,-1.1430288e-01,4.0092128e-02,-3.0295322e-02,1.0197207e-03
-9.7877324e-02,-7.1890346e-02,5.7649981e-03,5.3064928e-02,9.2762577e-02,-5.7428295e-02,-1.0242107e-01,-1.1686753e-01,-1.3885332e-01,-7.9241442e-03,-3.7247275e-02,1.2772259e-02,1.3461928e-01,-1.2787814e-02,-9.1964239e-02,6.6125156e-02,-1.2691760e-01,-3.6161768e-02,5.5296904e-04,1.3838322e-01,-2.1402873e-02,3.5997931e-03,8.1696128e-02,-2.4762519e-02,6.3233724e-02,7.6688540e-03,3.6713290e-02,-1.2933523e-01,1.7883253e-02,1.1379465e-01,3.5269648e-02,-1.1770214e-01,3.8631606e-03,-4.3909000e-02,-9.3762153e-03,-9.2991822e-02,3.9280942e-03,-4.1354081e-02,-9.0186588e-02,-9.4250914e-02,7.7458645e-02,-8.1052762e-02,-7.8038361e-02,1.1577217e-01,-4.6955189e-02,1.5684926e-02,9.6903255e-02,8.5913334e-02,-1.1529736e-01,1.0688661e-01
-1.1551179e-01,1.2158128e-01,-7.4107725e-02,1.2312909e-02,5.1738945e-02,8.8421195e-02,-1.0662976e-02,-3.6542244e-02,9.0318458e-02,6.1908866e-02,-7.3507587e-02,-1.1084187e-01,5.6757907e-02,5.8375092e-03,6.8234379e-02,8.7597006e-02,1.3773944e-01,-1.2156474e-01,-1.2412153e-01,1.5055026e-01,1.4720353e-01,-4.3150960e-02,-1.7450100e-02,3.4326651e-02,1.1604685e-02,3.7856689e-02,-2.8852452e-02,1.0049283e-01,-2.1246291e-02,-8.0220561e-02,2.4274113e-02,4.1152114e-02,3.6637972e-02,1.1386297e-02,6.1888824e-02,2.5938018e-02,2.8907788e-02,1.2983731e-01,-7.0658671e-02,-1.1611887e-01,6.0929793e-02,-8.6638585e-02,-3.3952990e-02,4.0482445e-02,8.9508660e-02,-8.8203887e-02,-7.6951971e-02,-8.3900629e-02,1.1892576e-01,5.3965846e-02
2.1642019e-02,1.2466646e-01,-8.1238019e-03,1.0210548e-02,-8.6448602e-02,-7.8840530e-02,-1.2445981e-01,-2.7749870e-03,1.0524721e-01,3.3335617e-03,1.0945887e-01,-1.4952227e-02,-1.0882081e-01,7.6077194e-02,-1.1995842e-01,1.3880172e-01,-9.5753064e-02,-5.6206091e-02,9.7506373e-02,-9.3573648e-02,1.0372887e-01,9.6556431e-02,-4.8051357e-02,2.0154596e-02,8.8430042e-02,9.6038707e-02,1.0970449e-01,3.8853822e-02,3.5006558e-02,5.2653002e-03,-6.8691139e-02,-1.0572387e-01,-1.6966325e-02,4.6814577e-02,9.8997994e-02,1.0061327e-01,1.0742633e-01,-1.4254755e-01,5.4066201e-02,1.0248806e-01,1.1860086e-01,-5.9583682e-02,1.4751288e-01,9.9176498e-02,-6.6023672e-02,-4.9690975e-02,8.4144762e-02,-4.0781888e-02,1.3362196e-02,5.9539556e-02
-7.7443360e-03,-4.7588174e-02,1.2209905e-01,6.2381719e-02,-1.2228144e-01,-1.2662315e-01,5.3681324e-02,1.0970606e-01,1.0736546e-01,1.4782753e-01,4.9746990e-02,-1.1371959e-01,1.3202943e-01,-3.2934882e-02,-1.0163968e-01,-2.9120072e-02,-6.8146870e-02,-2.8692466e-02,3.8111204e-02,7.9315857e-02,-3.9158540e-02,7.6882084e-02,6.2581308e-02,1.2203204e-02,8.4385879e-02,-2.7087387e-02,-4.5783896e-02,6.0869556e-02,8.3436761e-02,2.0499924e-02,-1.3079417e-01,-7.2373399e-02,5.1703020e-02,2.1186843e-02,4.0048216e-02,4.4478495e-02,1.6165632e-01,-9.0085594e-03,-3.7313069e-02,1.1804921e-01,1.2163131e-01,3.4156636e-02,-5.2047242e-02,7.0617181e-02,1.6917144e-02,-1.7054073e-02,1.1588989e-02,-2.3629988e-02,1.2676109e-01,-1.0777394e-01
-4.3292159e-02,1.5294859e-01,-9.9622347e-02,-9.7010011e-02,1.3048723e-01,-7.4447343e-02,-1.3300333e-01,1.2326126e-02,-1.3119068e-02,-5.6657735e-02,-6.7382220e-02,-9.9635421e-02,9.0608109e-02,-5.0627487e-02,6.0221166e-02,-3.0590325e-02,-4.9046193e-02,1.2617704e-01,-3.5288179e-02,5.4046144e-02,5.4809241e-02,-1.2670647e-01,-7.9352261e-02,-1.0798457e-01,4.6145334e-04,6.0597452e-02,4.7732732e-02,1.2522727e-01,2.5343072e-02,-4.1580663e-03,1.1452777e-01,9.7362462e-02,5.6106539e-02,4.5835889e-02,3.9361736e-02,-3.0653764e-02,-4.6572269e-02,7.0184649e-02,4.0759562e-02,1.4232222e-01,-4.2322507e-02,1.1900281e-01,-7.3572479e-02,-1.3578623e-01,6.3011384e-02,5.9844398e-02,1.9078996e-02,8.4463690e-02,4.1112834e-02,4.1061972e-02
9.4757858e-03,-1.6890295e-03,9.8342047e-02,4.3914938e-02,-8.8334116e-02,-2.2888104e-02,1.3072128e-01,3.9754473e-02,9.4114436e-02,-5.5107138e-02,-1.3405281e-01,8.5300175e-02,-1.1367450e-02,-2.8590528e-02,-7.4455544e-02,-5.4063313e-02,4.0369040e-02,8.5697620e-02,-8.3763938e-02,-3.9182468e-02,-9.5285574e-02,-1.5431923e-01,-1.1991629e-01,-2.3949572e-02,7.3135086e-02,1.3048930e-01,-9.4761511e-02,1.7208281e-02,1.1254006e-02,-6.9752899e-02,-1.0672139e-02,-4.0272157e-02,2.5447981e-04,1.4487864e-03,-3.0159484e-03,9.1863928e-02,-5.8670068e-02,-6.3722624e-02,8.7680543e-02,-1.3709939e-01,1.4124455e-01,2.7034423e-02,9.7297067e-02,1.0063772e-01,-1.8455282e-02,1.2352090e-01,-1.4566812e-02,6.6153940e-02,-6.8539200e-02,-6.7873055e-02
-3.1285512e-02,9.6649727e-02,2.2520895e-02,5.7931251e-02,9.7639355e-02,-8.0627010e-02,-7.7389746e-02,-4.4792938e-05,-7.2184649e-03,-5.2355112e-02,1.5641420e-02,1.4211496e-01,1.1519670e-01,9.7024913e-02,-6.2690994e-02,-3.6369057e-02,-2.0741879e-02,-4.0573976e-02,-1.0796851e-02,2.3414813e-03,1.3324335e-01,-2.1769971e-02,-1.1327176e-01,3.5714930e-02,-5.4116185e-02,1.0172241e-01,6.1306195e-02,-5.2784713e-02,1.9103168e-03,4.0656839e-03,8.5302351e-02,1.2327497e-01,1.2266780e-01,7.2728774e-02,1.0414071e-02,-2.5865717e-02,-1.0451227e-01,-1.5514579e-03,-1.0373762e-01,1.7946848e-02,-2.2710693e-02,3.9830667e-02,3.6767350e-02,1.5104083e-01,2.9397663e-02,6.2963128e-02,1.0653604e-01,8.5189735e-02,-3.5368557e-02,-5.5931754e-02
1.1023333e-01,-9.3864999e-02,-1.1377055e-01,-6.8683458e-02,8.8486058e-02,-3.0127959e-02,1.0911257e-01,3.9874506e-02,-2.8485845e-02,7.8306243e-02,-6.7847317e-02,-8.6853929e-02,-1.1296501e-01,-2.9931837e-02,-1.2667241e-01,1.0099850e-01,-1.3435455e-03,9.5247570e-02,1.1233169e-01,-4.8269976e-02,3.1832495e-02,6.0888796e-02,-5.2130446e-04,-3.9844348e-02,1.0360651e-01,2.6096632e-02,9.5083417e-02,6.7487432e-02,1.3079717e-01,9.3341686e-02,5.6745291e-02,-1.1323845e-02,-4.4965170e-02,8.0147381e-03,1.3355285e-01,7.4597410e-02,-7.4764245e-02,5.6909541e-02,-1.2235239e-01,1.3013992e-02,1.0182923e-01,2.1563404e-02,-4.5577779e-03,-2.7189281e-02,6.4776100e-02,5.4950870e-02,-8.3000407e-02,9.7858443e-03,-1.0414910e-01,1.4641588e-01
1.1993279e-01,-1.2421857e-02,-9.4147381e-02,2.6756811e-03,9.3784424e-02,1.8872852e-03,1.0488048e-01,-1.0895789e-01,3.7930493e-02,1.2343987e-01,8.7069618e-02,-3.6060633e-02,-7.4030107e-02,1.1358068e-01,7.9744088e-02,-3.1635757e-02,1.2883805e-01,1.2734670e-01,1.1144025e-01,-2.9980132e-02,8.7296229e-02,5.8259392e-02,2.3328030e-02,8.0267696e-02,-1.2048926e-01,-3.7873625e-02,1.2666269e-01,-9.1646026e-02,-6.8299646e-02,-3.0077629e-02,5.9439521e-02,1.3229727e-01,8.3917950e-02,-9.4899853e-02,2.8381479e-02,1.4561764e-01,5.8877608e-03,-9.9528803e-02,1.9332198e-02,1.0826647e-01,-8.0409019e-02,-1.3169039e-01,-1.8551365e-02,-8.7500264e-02,-1.2221157e-01,-6.7788445e-02,-4.1350741e-02,1.2517741e-01,1.1868231e-01,1.8898649e-03
-7.6553953e-02,1.4975807e-02,1.6026514e-01,-1.8703172e-02,1.0806085e-01,2.2751484e-02,1.1524218e-02,9.4469985e-02,-9.9083472e-02,-8.9295427e-02,1.3218590e-01,-8.9356286e-02,7.4182236e-02,1.3367862e-01,-1.4536499e-01,4.6370795e-02,-2.8569740e-02,-5.1043367e-02,-2.1257769e-02,1.5062283e-01,-9.3191319e-02,-7.0910939e-04,1.7405059e-02,8.2203077e-02,-6.9796665e-02,1.0485119e-01,6.7986689e-02,1.3647294e-01,5.7551217e-02,-1.2841809e-01,1.2416614e-01,-9.2630802e-02,-1.0011541e-01,6.0776240e-02,9.8156123e-02,-8.6494473e-02,1.0991875e-01,1.3566899e-01,-2.1023437e-03,3.3127185e-02,-3.5759642e-02,-5.0954234e-02,9.3630065e-02,-8.8846019e-02,1.2169308e-01,-1.0411619e-02,8.9497795e-02,-6.5319372e-02,-4.3998288e-02,-7.5232544e-02
-1.4125211e-01,-1.1799114e-01,-5.2346874e-02,1.1715113e-01,6.8726386e-02,-4.1730736e-02,3.9445800e-02,1.0736585e-01,1.6015942e-02,6.8009469e-02,-2.8753700e-02,1.3156913e-01,-9.5774004e-02,-5.1052680e-02,-6.3131222e-02,-6.5223591e-02,5.1933346e-02,-3.8194550e-02,-9.4001601e-02,4.5550497e-03,-4.2760882e-02,1.4104711e-01,3.7432111e-02,7.2440370e-02,1.2968932e-01,-1.4199502e-01,-9.3456572e-02,-5.0813607e-02,-4.9873796e-02,9.9240521e-02,1.4183828e-01,-1.8137758e-02,9.5504282e-02,-1.2084896e-01,2.1616949e-02,5.4801233e-02,1.0634398e-01,-5.0513646e-02,6.6521016e-02,1.1809631e-01,8.9619205e-02,-3.9239548e-02,4.3344891e-02,-2.3956934e-02,-1.0727500e-01,-1.0806966e-01,6.1073487e-02,-7.2150043e-02,3.7313714e-02,-3.5133569e-02
3.5338479e-02,-2.0216200e-02,-7.3928160e-02,-1.1554068e-01,4.0816021e-02,-3.6196267e-02,1.0829315e-01,-7.6369163e-02,-7.0365122e-02,5.9003655e-02,-3.7061851e-02,7.6155452e-02,9.1764066e-02,-8.6710356e-02,2.5452684e-02,-6.5966628e-03,9.0639665e-02,-1.1334551e-01,-1.3727829e-01,-7.4560011e-02,-4.4994489e-03,-3.9555498e-02,6.0887666e-02,1.9534477e-02,-1.3462355e-01,1.0149580e-01,-1.2561372e-01,6.4283878e-02,-1.4645150e-01,8.9236222e-02,-1.7021989e-01,-7.9160792e-02,1.3293343e-01,-6.9416122e-03,6.3443893e-02,3.9221849e-02,2.5422031e-02,9.5937390e-02,1.2868597e-01,2.0025435e-03,1.7609983e-02,-6.4431168e-02,8.3950901e-02,-1.0613442e-01,4.5495590e-02,2.1787671e-02,-5.2241190e-02,-2.4263101e-02,2.9440281e-02,-1.1383850e-02
-9.4179435e-02,8.2298689e-02,4.4231216e-02,-1.0947686e-01,-6.8711927e-02,1.5495631e-02,1.7118126e-02,-1.0533662e-01,1.2049921e-02,-7.0835348e-02,2.5457047e-02,6.3328660e-02,2.5132716e-02,1.2656059e-01,1.6636197e-02,-6.1480862e-02,6.3725159e-02,-7.4754540e-02,-6.4445612e-02,5.5921903e-02,-1.1841085e-01,-1.0950913e-01,1.2895487e-01,-7.3056972e-02,1.5566329e-02,1.7481357e-02,-6.3292683e-02,7.1346212e-02,-7.4279794e-02,1.3421770e-01,-3.7623885e-03,6.2309480e-02,2.3192199e-02,5.2881678e-02,-4.3820941e-02,1.2828805e-02,1.2629424e-01,4.2049713e-02,1.3954278e-01,8.3703490e-02,-6.3591671e-02,-9.3039734e-03,-3.7980773e-02,-2.8292147e-02,-9.8170010e-03,-1.3525868e-01,2.9788828e-02,5.0422800e-02,1.1777652e-01,-7.1644805e-02
1.3926209e-02,-5.7953202e-02,1.1879077e-01,1.7559707e-02,1.3055266e-01,5.2895347e-02,-1.3323229e-01,1.1899239e-01,-7.2713622e-02,6.7069657e-02,4.6253971e-02,-9.1037860e-02,4.9058625e-02,1.4059683e-02,6.2219968e-02,-5.8762218e-02,5.4386434e-02,2.0857624e-02,-7.2419570e-02,3.0774433e-02,1.8308280e-02,-1.1243102e-03,1.2180950e-01,-1.1957289e-01,-1.0295795e-01,-4.2899370e-02,-6.9401778e-02,1.3531190e-01,-1.3984220e-01,-1.0650230e-01,4.5191509e-02,2.0722668e-02,3.9248812e-02,6.1531817e-02,3.8620074e-02,-6.6181871e-02,1.0253337e-01,-2.3509659e-02,-5.0451701e-02,-4.4628988e-02,3.1094867e-02,5.3939479e-02,8.4708269e-02,-3.3218093e-02,-1.0798859e-01,8.1333878e-02,-1.8570646e-02,-3.9643792e-02,-1.4007035e-01,7.0427288e-02
-6.9243399e-02,6.2499190e-02,7.8410280e-02,5.0957764e-02,-8.9847267e-02,1.1228078e-01,-2.0415052e-02,-4.8651447e-02,-1.2572248e-01,1.3792131e-01,1.2733322e-01,-6.0467100e-02,-2.6040284e-03,1.2152030e-01,4.7824818e-02,-1.4221680e-01,-7.9632038e-02,-1.1461336e-01,1.1519710e-01,9.7864501e-02,-7.0068607e-02,4.3035219e-02,9.0940767e-02,7.5683107e-02,3.6478189e-02,6.1880740e-02,-8.8989412e-02,-1.1635586e-01,8.6687734e-03,8.3960594e-02,-8.2943246e-02,8.5170642e-02,-8.6212838e-02,7.2430666e-02,6.3792277e-02,-1.4338316e-01,-6.3831352e-03,5.0160855e-02,-6.4966891e-02,-7.3597639e-02,6.0392153e-02,-6.2472681e-02,4.1663660e-02,-4.6723400e-02,-3.2679889e-02,-1.2908129e-01,-1.6665383e-02,8.3152306e-02,-9.7197290e-02,-1.1378891e-01
1.1273744e-01,9.9422551e-02,-1.1864095e-01,1.0648564e-01,-8.7531881e-02,5.7061063e-02,8.1114751e-02,-1.3915468e-03,1.3154626e-01,-1.3948404e-01,-9.2591928e-02,1.1651641e-01,-4.8757323e-02,1.1096966e-01,-1.1564573e-02,-1.0314542e-01,-1.2945744e-01,-1.1772846e-01,6.0547856e-02,4.6769747e-02,-3.6464964e-02,7.9893550e-02,1.2859108e-01,1.2172891e-01,-5.0904673e-03,-1.1656087e-01,-1.0129574e-01,5.1938220e-02,-1.0337898e-01,1.6447121e-02,-1.3521302e-01,-2.3368223e-02,-5.5177514e-02,-7.5699111e-02,-4.3580628e-02,1.0170309e-01,-2.5886976e-02,-9.9611310e-02,-5.0481160e-02,-2.9240420e-02,-4.3006833e-02,-9.4234583e-02,9.2124766e-03,-1.3858610e-01,1.0266775e-01,4.1328366e-02,-8.6237615e-02,-6.2096520e-02,-1.5061109e-02,-5.4319916e-02
-3.5503961e-02,-4.4084217e-02,8.5603796e-02,-8.3694138e-02,5.1205674e-02,9.2141090e-02,6.1604937e-03,-5.6912590e-03,4.1834589e-02,4.6122730e-02,3.8330098e-02,-1.3191493e-01,2.0261047e-02,3.3656477e-02,1.3610240e-01,3.5008054e-02,-1.0389596e-01,5.4704493e-02,1.4543178e-02,1.3124289e-01,-1.4112341e-01,4.8900818e-02,-1.3132865e-01,-6.8678156e-02,-1.1208439e-01,-4.9122353e-02,-2.6751350e-02,-7.7371098e-03,-8.5855832e-02,5.4296534e-02,1.3422549e-02,-1.3557302e-01,1.2952537e-01,-1.3101533e-01,-9.4970620e-02,7.7480499e-03,4.8016836e-02,5.0355095e-02,-9.7680938e-02,-7.5958898e-02,1.3550747e-01,3.7997352e-02,7.0173534e-02,-1.4116389e-01,5.2898166e-02,-1.3043729e-01,5.3571440e-02,-2.9875426e-02,-1.5613892e-02,-1.2660020e-01
2.7977881e-02,9.8421842e-02,6.5066251e-02,2.0502451e-02,-9.0374110e-02,6.7376204e-02,-4.7628761e-02,1.4873064e-01,3.9687552e-02,-5.5147085e-02,5.9511635e-02,9.7999493e-02,-2.3530150e-02,9.9702815e-02,7.5341036e-02,1.9137573e-02,-2.1438448e-02,-8.2408489e-02,3.2290212e-02,-2.2994232e-02,1.4852181e-01,1.4881706e-02,-1.1374481e-01,-9.2640432e-02,-6.7617712e-02,-1.2729069e-01,-8.5952658e-02,-1.1613122e-01,1.4565429e-01,-1.6281130e-01,-9.5618704e-02,1.0667664e-01,-9.5352632e-02,-1.5514724e-01,-5.0346633e-02,-4.8978091e-04,-5.2781165e-02,3.3223918e-02,-5.5887095e-02,1.3033567e-01,4.9221405e-02,-7.5751324e-02,3.9488534e-02,1.1990003e-01,6.9911199e-02,1.0309305e-01,1.7713977e-03,-4.6163273e-02,-5.2494283e-02,1.6891417e-01
9.0004984e-02,9.8801731e-02,1.1153686e-01,-1.3789849e-01,-7.6929091e-02,4.0431155e-02,7.1089927e-02,6.7467434e-02,1.8107284e-02,-2.2766598e-02,1.4721037e-02,4.0622165e-02,-1.1278180e-01,2.7921229e-02,-1.7626915e-02,-1.7443386e-02,1.0803854e-02,-1.4338105e-01,-2.4325074e-02,-1.4117518e-01,2.1370687e-02,3.7817326e-02,-6.0380543e-02,-1.5296772e-02,1.2362917e-01,-6.7391173e-02,1.0475592e-01,4.6613102e-02,2.3602618e-02,1.1064613e-01,4.3880913e-02,-3.0027212e-03,-5.0937452e-03,1.3091583e-01,6.5113708e-02,-1.3306421e-01,6.8245144e-02,1.3201975e-01,-1.3168678e-01,-2.3538618e-02,2.0004037e-02,1.0152108e-01,1.2843303e-01,6.3436686e-02,-8.5761131e-03,-6.8408464e-03,-1.3147985e-01,-6.5237236e-02,1.8503758e-02,-1.3733211e-01
9.7070226e-02,-1.3253439e-01,-9.9191960e-02,-5.8911042e-02,3.4065208e-02,6.6315037e-02,-1.1938356e-01,-9.4619060e-02,-1.3969943e-01,-4.3205524e-02,6.3346915e-02,-6.8202101e-02,2.5707619e-02,-1.3621474e-01,-1.9519941e-02,1.4905945e-02,-7.7403821e-02,4.8618369e-02,-1.3048977e-01,1.0169162e-01,-1.4488912e-01,1.2750137e-01,1.2107505e-01,-6.2111609e-02,2.5799627e-02,9.0371204e-02,1.2099554e-01,3.4441920e-02,9.8404170e-02,-6.4753309e-02,-1.3850980e-01,-4.2105947e-02,-1.0999735e-01,-6.6482795e-02,-1.3904374e-01,1.0890772e-01,-1.1438859e-01,-8.8417465e-02,3.8905696e-02,9.1826316e-02,1.0777766e-01,-5.4276705e-02,-1.2835994e-02,5.0715189e-02,-1.1665030e-01,1.0896456e-01,4.6653600e-02,1.2394126e-01,7.8700026e-02,-1.2031310e-01
-5.6514925e-02,-8.6636316e-02,8.4265244e-02,-1.2184733e-01,-1.6834622e-02,1.1776313e-01,2.3817347e-02,3.0901961e-02,1.3825835e-01,-4.5386498e-02,-1.1581409e-01,-1.4069355e-01,1.2430396e-01,-5.2369118e-02,1.7029304e-02,-9.7163226e-02,-1.5502283e-02,1.5253610e-02,-1.0491766e-01,-1.1102337e-01,-8.0318335e-02,-1.3587612e-01,-7.5981336e-02,2.3966849e-02,1.1754594e-01,-1.2979940e-02,-1.0618692e-01,1.2708790e-01,6.7912840e-02,7.1896317e-02,2.7507603e-02,1.2049624e-02,-4.5781036e-02,-4.4685614e-02,3.8723694e-02,-1.2685657e-01,-1.1211211e-01,-6.2906593e-03,1.5579788e-02,-2.2959132e-02,9.8028065e-02,-1.0157784e-01,-1.7969968e-03,-1.7766735e-02,-5.8107181e-02,-2.0738389e-02,1.2165028e-01,-1.2458260e-01,-5.5331368e-02,-7.1463401e-02
-1.2946409e-01,-1.5060300e-01,1.6367889e-01,1.3583264e-01,-3.5774171e-02,6.1977194e-02,5.2931807e-04,1.2467849e-01,3.1429685e-02,-1.2543776e-01,-9.4257070e-02,-4.2588868e-02,-4.1328874e-02,-6.8664474e-02,-7.6649617e-02,5.0267080e-02,-7.8054752e-02,-2.9273961e-03,-8.1616657e-03,1.1321675e-01,2.5013127e-02,8.6679385e-03,-1.0262836e-01,-6.0314285e-02,-4.2587624e-03,1.6648910e-02,7.3686025e-02,1.0989668e-01,-1.1543992e-01,9.0920209e-02,-8.5893464e-03,-6.8735090e-02,2.6258192e-02,2.0423357e-02,1.1779317e-01,-8.4096451e-02,1.5249266e-03,-6.7914445e-02,4.4542773e-02,6.3295406e-02,9.6169808e-02,-9.7563879e-02,-8.6347368e-02,-1.5702517e-02,1.8991888e-02,7.7858747e-02,-1.2530595e-01,-1.0938614e-01,-1.0798650e-01,3.2981581e-02
-3.5685370e-02,1.0219431e-01,1.1964055e-01,-1.5488803e-02,-5.1875872e-03,5.3084445e-02,3.7111065e-02,-4.4784292e-02,8.4915548e-02,9.5221992e-02,-5.9136261e-02,9.5049547e-02,9.1783429e-02,3.4517737e-02,7.2236839e-02,2.0791252e-02,7.7497423e-02,-1.9766145e-02,-8.5010617e-02,5.1321336e-02,-1.8894400e-02,-2.5707364e-02,-5.2172886e-02,-6.4741180e-02,-1.2449770e-01,-5.4332165e-02,-6.1221422e-02,-1.0341272e-01,9.5941228e-02,2.4875552e-02,-1.3746740e-01,-8.2652903e-02,1.2236136e-01,-3.2922000e-02,5.7893297e-02,6.5864516e-02,1.2804053e-01,1.4058758e-01,2.3470993e-02,8.3219738e-02,2.9607445e-02,1.3205605e-01,9.7652582e-02,-2.0988110e-02,9.9962552e-02,-1.2984940e-01,5.6740221e-02,-1.1685552e-01,-5.7968165e-02,1.4463673e-01
2.2755510e-02,5.7996352e-03,4.0150815e-02,1.3793615e-02,1.5162315e-01,-6.4431800e-02,-5.8460345e-02,3.9256658e-03,8.3648680e-02,1.2257326e-02,4.7366319e-02,4.4901869e-03,1.0225036e-01,3.3019285e-02,-1.0113404e-01,-2.3521292e-02,-5.1261573e-02,2.6570050e-02,-5.1545657e-02,-1.4020514e-02,-6.0859384e-02,-7.5115400e-02,-5.0059044e-02,-7.0649049e-02,-1.0143158e-01,-9.4037482e-02,-6.5576180e-02,1.4537992e-01,-1.7748894e-02,7.7193134e-02,-1.3276972e-01,1.6868827e-02,8.5652428e-02,1.8292653e-03,6.7194996e-02,6.2996933e-02,1.0787300e-01,1.0214472e-02,1.1883027e-01,9.3446899e-04,-3.5095232e-03,-2.5908292e-02,-3.7785800e-02,8.5642331e-02,-1.3514504e-01,-3.6246325e-02,1.1751906e-01,5.4760310e-02,-1.1659273e-01,-4.5467253e-02
8.4825568e-02,-7.4538520e-02,-3.7731953e-02,1.4360697e-01,-3.6272044e-02,-2.6372093e-02,-1.6922127e-02,8.7186505e-03,-5.8919290e-02,-2.9461264e-02,1.2388818e-01,-1.3086722e-02,2.8910878e-02,9.7659945e-02,1.6900825e-02,6.5345383e-02,-5.6594533e-02,-4.2520031e-02,8.7306478e-02,-9.5601699e-02,2.3082598e-02,3.4875020e-02,7.9698275e-02,1.2211658e-01,9.3559192e-02,1.4634734e-01,1.2476702e-01,-2.6188821e-02,-8.3836879e-02,-6.7585740e-02,-1.4848481e-01,1.2635255e-01,1.6301693e-02,3.6627569e-02,-8.0817177e-02,-1.0601553e-01,-9.5105083e-02,1.0526742e-01,7.7780063e-02,1.6503310e-02,4.2518503e-02,-4.0000766e-02,-9.5676775e-02,-6.1177399e-02,1.7521898e-02,-3.7075228e-02,1.6323211e-02,-4.4348294e-02,1.2501205e-01,2.0817899e-02
-8.8673321e-02,6.5495010e-02,5.2149385e-02,1.3005519e-01,8.8366886e-02,-8.4319013e-03,8.6682945e-02,-8.1763532e-02,2.6927857e-02,5.2642550e-03,-1.1718831e-01,2.8755642e-02,-1.1063144e-01,-2.5030629e-03,1.4393626e-02,-8.4872315e-02,-9.9948848e-02,-8.7938649e-02,-1.3258753e-01,1.1995151e-01,-8.7227166e-02,9.9765169e-02,-1.7845977e-03,-1.3490331e-01,1.1431566e-01,6.7101301e-02,-1.0548065e-01,1.1434837e-02,-1.3247997e-01,-1.1040828e-01,-8.6611119e-02,9.4002836e-02,3.6874246e-03,5.2552805e-02,-7.5078049e-03,-4.0292451e-02,-1.2184960e-01,-2.7837864e-02,8.2356731e-02,-1.4089656e-01,-6.2065839e-02,8.8586847e-02,-2.5081443e-02,1.2339438e-01,8.3848653e-03,1.4093023e-01,-9.3801099e-02,-1.3329396e-01,7.6548358e-03,-1.9811140e-02
-1.0690098e-01,1.0976391e-01,-6.3405816e-02,1.4404942e-01,-1.7417543e-01,-1.5391731e-01,-1.1124118e-01,4.8220940e-02,-8.7990198e-02,3.3540309e-02,2.4684964e-02,9.1691275e-03,-9.2504250e-02,-6.1597457e-02,9.0699395e-02,1.4214812e-01,-1.4520948e-01,4.4731153e-02,1.1858729e-01,-2.4937822e-02,-6.0921771e-02,-7.8556520e-02,1.4765732e-02,4.5194633e-02,-9.3994714e-02,7.8585903e-02,-2.7831003e-02,-9.4317278e-02,-6.1027486e-02,-4.9779302e-02,6.9906647e-02,6.4498042e-02,1.4526035e-01,-1.0885152e-01,6.0649253e-02,-8.9511250e-03,1.4575954e-02,7.1051453e-02,-9.6525306e-02,1.1539714e-01,-1.4467566e-02,-1.2819910e-01,-6.6621853e-02,-6.0249447e-02,1.4081348e-01,7.2298151e-02,1.0814402e-02,-3.4724298e-03,4.0681995e-02,-7.9656658e-02
-1.9110023e-02,7.1593640e-02,7.5428514e-02,-5.1304634e-02,-2.4211415e-02,1.1313037e-01,6.8265609e-02,-7.9925569e-02,-1.0185178e-01,4.0231927e-02,5.6856415e-03,-1.0860581e-01,-9.0730454e-02,5.7232573e-02,1.2173665e-01,6.2597694e-02,9.7760413e-02,7.5163330e-03,8.1238018e-02,-1.8136228e-02,-9.5053830e-02,9.8849414e-02,-1.1508151e-01,-8.1019917e-02,-1.3849841e-01,-1.0070831e-01,7.0227071e-02,3.3636700e-03,1.1748763e-01,3.7691060e-02,1.3470673e-01,-1.3746658e-01,-5.8746147e-02,6.5678026e-02,1.0250022e-01,-1.3240942e-01,4.7219032e-02,2.3187679e-02,1.6723821e-02,5.3437305e-02,-8.2628954e-02,-4.4955995e-02,-4.1987894e-02,4.8205057e-02,-5.0512806e-02,1.3338525e-01,-5.2787093e-02,1.0170094e-01,-1.2867471e-02,2.9966247e-02
-3.3908371e-02,9.9809062e-03,5.3581624e-02,-1.0851398e-01,1.2973771e-01,-3.1039361e-02,-1.3646004e-01,-7.3258680e-02,6.8491112e-02,1.1374482e-01,-9.8946806e-02,7.9310759e-02,1.3625775e-01,1.1385461e-03,-4.2029742e-02,1.3009334e-01,3.6605462e-02,-4.1104859e-02,-8.4148740e-02,-8.1735218e-02,1.3171789e-01,-1.1014356e-02,-5.0258028e-02,5.0634454e-02,2.9056427e-02,-5.4474895e-03,-7.8985209e-02,-8.2983249e-04,1.1829216e-01,-6.4927775e-02,-4.0633933e-02,-9.1712912e-02,-1.0825967e-01,-1.6064728e-01,1.4113810e-01,9.0233336e-02,-1.7090867e-02,5.5817578e-02,1.3465247e-01,-9.5435521e-02,8.8863158e-02,1.0233745e-01,1.1058479e-01,1.3833835e-01,7.6925546e-02,5.2286065e-02,-2.5045438e-03,-4.7808725e-02,-9.4772779e-02,1.2121285e-01
-9.1755109e-02,7.9429651e-02,1.6707792e-02,-2.8772364e-04,6.1808659e-02,-1.5055848e-01,1.0412110e-02,1.5921565e-01,-9.7417768e-02,-9.8746017e-02,-1.1386284e-01,5.6187029e-02,1.4817615e-01,-2.3870584e-02,-4.5148166e-02,-5.2893717e-02,1.1753872e-01,2.9445583e-02,8.0247683e-02,6.7740357e-02,3.9065305e-02,-2.4050696e-02,-8.7347401e-03,-4.9864298e-02,-7.9253227e-03,1.4776293e-01,3.1132848e-02,-8.9604559e-02,-1.0276108e-01,1.9713893e-02,1.0848477e-01,-4.6461634e-02,5.5271469e-02,-1.5120361e-01,2.5580227e-02,2.0584405e-02,-8.1204917e-02,3.5322574e-02,1.1246527e-01,1.1077325e-02,-1.2592220e-01,6.4560127e-02,1.0131018e-01,-9.1406328e-02,1.4772842e-01,2.5446394e-02,1.0617558e-01,4.9429471e-02,4.7723941e-02,1.1861337e-01
8.7853261e-02,1.0825185e-01,-9.7739082e-02,4.2374786e-02,-1.3283751e-01,7.1589852e-02,8.5835517e-02,-4.9485878e-02,1.2466987e-01,1.0313033e-01,1.6787355e-02,7.3714079e-02,-3.4077718e-02,6.9620516e-02,-6.6658864e-02,-8.8885480e-02,-9.7748242e-02,1.2313847e-01,8.0108800e-02,-4.9730037e-02,1.4915185e-01,6.2835690e-02,3.5565683e-02,6.7136905e-02,2.6708745e-02,1.1800553e-02,-1.0471941e-01,1.1887660e-01,-1.2900142e-02,-5.2523771e-02,-1.6233038e-02,-9.8680921e-02,-1.0776331e-01,1.1347883e-01,-5.7690010e-02,-5.3019235e-02,9.1429201e-02,7.7549797e-02,7.5561787e-02,-4.1710492e-02,-3.6241259e-02,-1.3018966e-01,1.3162689e-01,1.6868202e-02,-6.2353415e-02,7.8092390e-02,-9.5168839e-02,-2.9392395e-02,-1.0011429e-01,9.6560941e-02
9.1283436e-02,-1.3793584e-01,4.3286068e-03,-2.6079540e-02,9.2687450e-02,6.9288715e-02,8.0348764e-02,-3.2251106e-02,-1.3827015e-01,-1.1376785e-01,-4.8463110e-02,-4.5968834e-02,-1.0917632e-01,-1.4245701e-01,1.1857528e-01,-5.0884326e-02,5.4724877e-02,-9.7511396e-02,8.9682929e-02,-6.9408159e-02,3.3625754e-02,7.4376461e-02,1.1310265e-01,-1.2500758e-01,-1.4219628e-01,7.4397008e-04,-1.0617838e-01,1.2562626e-01,-7.7783043e-02,-5.9668075e-02,1.0738098e-01,-3.2314582e-02,-3.3634670e-02,2.4918152e-02,-9.9923942e-02,-5.6218324e-02,9.8106797e-02,8.4707111e-02,-8.9201627e-02,-7.3274414e-02,1.0793889e-01,7.2224832e-02,-1.1052772e-01,5.5562311e-03,2.1153329e-02,1.3930873e-02,-1.1909330e-01,-1.3704094e-01,-1.1710229e-01,9.0594047e-02
2.0225256e-02,-2.4195818e-02,1.2390305e-01,-3.7733791e-02,-7.4262580e-02,-7.4471083e-02,-2.6161850e-02,1.2908357e-01,1.4455565e-01,-1.2518231e-01,7.4214792e-02,-1.0517274e-01,2.9165548e-02,2.4533447e-02,-4.1133404e-02,-6.0130834e-02,1.0106772e-01,1.3245043e-01,-3.1186427e-02,5.4174024e-02,-8.0790953e-02,6.9018173e-02,3.5987198e-02,9.2345631e-02,1.1824274e-01,-9.3048326e-02,-9.0482387e-02,-2.7673478e-02,-2.4497329e-02,9.2746381e-02,1.0483261e-01,-1.3532625e-02,1.0647806e-01,1.4547635e-01,1.3052997e-01,1.6846318e-03,6.7934157e-03,-5.0829377e-02,1.0554518e-01,-7.0105313e-02,-2.7429736e-02,-1.9880795e-02,-1.4101895e-01,1.3790480e-01,-8.4118511e-02,-4.2831110e-02,-2.2744173e-02,-7.0911073e-02,9.9228924e-02,1.1794039e-01
1.3082793e-01,1.3290650e-01,-1.3224726e-02,3.9295416e-02,-3.6094503e-03,-1.3037229e-01,-1.1119772e-01,1.2550435e-01,2.2463367e-02,-8.5449971e-02,8.6190759e-02,-2.2976207e-02,3.7774844e-02,-8.2288657e-02,-7.7998144e-02,-7.9690981e-02,1.2063179e-01,-1.1010605e-01,4.7028739e-02,-4.6896916e-02,1.0815308e-01,-3.5672916e-02,-6.2640577e-02,-5.2033022e-02,-1.4962823e-01,8.4336703e-02,-1.2880284e-01,1.6415322e-02,-1.6021092e-02,8.2391367e-03,1.4076989e-01,3.1079345e-02,-1.6949855e-02,-9.2063228e-03,8.2748680e-02,9.6502513e-02,2.2105627e-02,8.6241090e-02,7.3934724e-02,-6.9095320e-02,-1.0060343e-01,1.2349882e-01,-3.4265895e-02,7.1160718e-02,6.3216114e-02,-9.4545260e-02,-1.2706075e-02,9.3725902e-03,8.5756575e-02,1.4519728e-01
-1.1392122e-01,7.3269301e-02,1.1593761e-01,-7.9794150e-02,6.5260853e-03,-6.8035262e-02,-9.2936650e-03,-9.2340434e-02,2.1057876e-02,-2.6820421e-02,1.1172859e-01,-1.6102202e-02,5.4816826e-02,-1.0365868e-02,1.1440729e-01,2.3148986e-02,-8.1110334e-02,2.0563174e-03,-9.1412278e-02,5.5539809e-02,-2.0823062e-02,-3.2221025e-02,3.5867056e-02,-6.7405391e-02,-5.6247373e-02,1.2788676e-01,-1.0463033e-01,-1.3083651e-01,-5.0475898e-02,-8.6357548e-02,-7.3053008e-02,-2.4036745e-02,5.8363689e-02,4.4207192e-02,-7.5476747e-02,-5.2270952e-02,-3.6775261e-02,-5.9968653e-02,4.9778949e-02,6.0219177e-02,2.8077267e-02,8.6810911e-02,8.7916770e-03,8.8526368e-02,-4.7276271e-02,4.4243083e-02,-4.7700762e-02,-3.4082860e-02,2.5316584e-02,-1.4151142e-01
-3.2796674e-02,-2.8094349e-02,7.9181491e-02,-4.6717823e-02,-2.2053406e-04,1.2855716e-01,1.3457855e-01,7.7750825e-02,-2.8721568e-02,8.0315849e-02,1.2653064e-01,2.2459308e-03,3.5783620e-02,1.0207814e-01,-1.1981247e-01,-2.7341774e-03,4.1031432e-02,1.1116234e-01,-6.9110835e-02,-1.0461142e-01,-4.4910374e-02,3.0947307e-03,1.7801366e-02,-9.4444622e-03,-1.1471465e-01,1.3860982e-01,1.3516492e-01,-1.3651803e-01,1.4031968e-02,-8.1245053e-02,1.0699637e-01,-7.9437213e-02,1.4626702e-01,-1.2789428e-01,1.1731394e-01,-1.3310714e-01,9.0266180e-02,-6.4190749e-02,5.7699346e-02,1.2291237e-01,2.4816140e-02,4.8971365e-03,1.1448124e-01,-2.3915771e-02,4.5507661e-02,5.5989954e-02,5.6841348e-03,-8.0832496e-02,1.3574566e-01,-1.2010763e-01
-2.2320733e-02,7.7106864e-03,6.6836555e-02,-9.8908224e-03,-1.3048233e-01,3.9585736e-02,8.6257154e-02,2.2282440e-02,-9.0263609e-02,4.0285164e-02,-5.4599595e-02,6.9439857e-02,6.6807304e-02,-9.2474598e-02,-4.6855391e-03,-4.4608074e-02,6.9645894e-03,1.5449073e-02,6.9775493e-02,1.5350528e-01,-1.4933431e-02,1.1035392e-01,-4.3241462e-02,-1.3645578e-01,-8.8996011e-03,-5.0252290e-02,7.5039122e-02,-1.0948814e-01,4.7793808e-02,-1.2697719e-01,-1.0009417e-01,1.7192391e-02,-3.0789716e-03,-4.7245523e-02,6.5667109e-02,9.1380139e-02,7.9119856e-02,-5.1201508e-03,1.8154442e-02,-5.6066867e-02,-1.1351618e-01,9.3062779e-02,-6.1621334e-02,-7.2565417e-02,-1.2792355e-01,9.0772577e-02,-3.3143972e-02,2.9623451e-03,1.3186586e-01,-1.0947779e-01

7.2192552e-02,-2.1080471e-03,1.0604676e-01,1.1433003e-01,-1.2339643e-01,6.7524061e-02,9.9232344e-02,5.6347804e-03,-1.1041494e-03,-5.4549118e-02,-1.3421847e-01,-1.0227352e-01,1.1214670e-01,1.2620571e-01,-5.0659758e-02,-1.9370424e-03,6.0501021e-02,8.2184508e-02,5.5370310e-02,1.0683619e-01,-7.1364688e-02,1.0364179e-02,-1.3705188e-01,1.0729116e-01,9.5044912e-02,6.0695988e-02,6.6563613e-02,1.2821509e-01,-9.8367248e-02,1.5620208e-01,8.5142958e-03,1.2135512e-01,1.1056601e-01,-2.5739011e-02,-1.2376973e-01,-2.4053043e-02,-1.3987278e-01,9.4332703e-02,-1.2871134e-01,-4.4532386e-02,9.2397239e-03,-9.4585266e-02,-1.0776722e-01,-9.7501958e-02,1.1900199e-01,-9.0412699e-02,7.9544120e-02,-1.0200466e-01,-1.2785365e-01,-1.1994195e-01,5.1796713e-02,-7.0823955e-03,-8.6186229e-02,-8.7303227e-02,9.9327962e-02,-1.3542833e-01,-2.2852616e-02,-9.9529732e-02,-1.6790584e-02,-1.1106546e-01

-3.4681127e-02,-9.0978940e-02,4.7925112e-02,6.0758406e-02,2.2254763e-02,2.7110965e-02,-5.8120930e-02,-1.9795745e-02,-8.0149240e-02,-1.2416848e-01,-1.0183022e-01,-5.6800851e-02,-7.4155801e-02,2.2484357e-02,8.5681657e-02,-1.3086313e-02,9.5878577e-03,7.6303273e-03,1.5468186e-02,-6.7903686e-02,-4.6105059e-02,-1.0681915e-01,-9.7907811e-02,-1.1534830e-01,3.8666505e-02,9.8262946e-02,9.4312133e-02,2.2826154e-02,4.5155492e-02,-7.2319378e-02,-6.6699077e-02,8.7619106e-03,7.4054307e-02,-9.3777002e-03,-7.1481375e-04,3.1363869e-02,-7.6467124e-02,1.1617684e-02,-6.7352804e-02,-1.2163527e-01,3.8939358e-03,4.8752352e-02,-7.0816058e-02,-1.0872479e-01,-1.1780926e-01,-3.6011168e-02,-6.4909787e-02,-5.8120426e-02,-9.3184607e-02,1.1177434e-01,1.9303013e-02,2.6482823e-02,6.8589320e-02,-1.0174768e-01,1.1474079e-01,-4.7749714e-04,-6.9439911e-02,-1.0498572e-02,1.1589721e-01,6.1857405e-02
-6.4024951e-02,2.6521050e-02,3.0399141e-02,1.2948041e-01,-9.9964494e-02,-1.1182047e-01,1.0238999e-01,-6.2614665e-02,1.0967964e-01,4.1921172e-02,3.6796571e-02,2.9854810e-02,-6.2745966e-02,1.1267901e-01,2.5894274e-02,1.7614385e-02,-3.6211471e-02,-6.2688872e-02,-2.4163914e-02,5.0867787e-02,5.1960281e-02,-1.1494995e-04,-9.3006607e-02,-5.9027116e-02,1.0254470e-01,-9.8134665e-02,1.2092736e-02,-1.0632022e-01,8.3913410e-04,-1.0404195e-01,-3.6723094e-02,-1.0541256e-01,1.3213543e-02,1.0533286e-01,-1.2546165e-01,1.2460856e-02,4.2360410e-02,9.3341735e-02,-9.8295015e-02,9.4452990e-02,-1.3120893e-01,-8.8648657e-02,-5.7212461e-02,5.3178567e-02,3.8269114e-03,-1.3327550e-01,2.6116065e-02,-1.7264227e-02,8.8157312e-02,6.5732203e-02,1.1680484e-01,-1.0528958e-01,-7.2890109e-03,5.2063789e-03,-4.2160038e-02,-1.5726832e-02,-4.8766739e-03,-1.0615828e-01,4.4273547e-02,5.2912967e-02
1.1829778e-01,-1.3015129e-02,1.5429106e-02,9.3244566e-02,1.8997154e-02,1.0064637e-01,8.6110890e-02,-4.1678792e-02,6.3161056e-03,5.0796716e-02,3.0429104e-03,1.7276070e-02,-5.8591300e-03,7.1363632e-02,9.6957611e-02,-1.4688804e-02,7.7374727e-02,2.6044747e-02,-1.1449938e-01,1.0885171e-01,5.6578251e-02,1.1166669e-01,2.9829147e-02,-3.1176090e-02,1.1666510e-01,3.0488703e-02,1.0390516e-01,-1.4223111e-01,3.1674062e-02,-6.3955752e-02,-3.2063915e-02,6.7549803e-02,-8.0501599e-02,6.5286247e-02,1.2054088e-01,-4.0208937e-02,-9.4565443e-02,-4.6541665e-02,8.4619813e-02,-4.3617349e-02,9.7200501e-02,-9.5711886e-02,-2.2144489e-02,6.8522472e-02,-1.7830426e-02,1.7671800e-02,1.1136134e-01,-1.0435173e-01,8.4203014e-02,-6.1058515e-02,2.4367394e-02,5.1773009e-02,-1.2148041e-01,7.1045932e-03,1.0936061e-01,4.4468082e-02,-1.2550906e-01,2.5471433e-02,3.9515283e-02,1.1120096e-01
-3.3471661e-02,1.1321546e-02,8.6003747e-02,5.4375445e-02,2.9150660e-02,-1.1379145e-01,-6.7638086e-02,-2.8512050e-02,1.0020488e-02,1.1282900e-02,-3.0755735e-02,-9.2532435e-02,1.2841507e-02,-6.9978534e-02,2.1308157e-03,-2.5162072e-02,6.4304036e-02,-1.4611406e-01,-7.2414070e-02,6.3463916e-02,8.0817878e-02,1.0791727e-01,-8.8728938e-02,-3.6898190e-02,1.2986547e-01,-8.6590625e-02,-8.5205553e-02,1.2930498e-02,-2.0806641e-02,5.3891934e-02,1.3555310e-01,-1.1061814e-01,1.0220179e-01,-4.4844824e-02,-4.8962207e-02,-9.6737692e-02,1.0478940e-02,-1.1871049e-02,9.7006031e-03,-4.7848903e-02,-2.3310664e-02,-4.8922328e-02,-6.5957227e-02,-9.3767909e-02,1.0540178e-01,3.3095253e-02,2.8741416e-02,9.5190799e-02,4.0722188e-02,4.7131560e-02,-3.2751567e-02,8.9521121e-02,1.1821364e-01,1.0579028e-01,6.2548386e-02,-1.1805307e-02,-1.0398783e-02,1.7442076e-02,3.5398386e-02,4.5698507e-02
7.6073072e-02,-4.6095236e-02,-5.0358507e-03,1.3098816e-01,-2.1830570e-03,7.8780586e-02,4.6950702e-02,-3.3905993e-02,-1.0952920e-01,-9.2596634e-02,-1.2951712e-02,-9.7587690e-03,1.2046713e-01,1.3549475e-01,4.9898443e-02,-8.7176490e-02,5.8788092e-02,5.7055791e-02,-7.7719869e-02,-1.6796363e-02,1.2657746e-01,9.3076883e-03,8.9933613e-02,-9.7434233e-02,9.6948466e-02,-9.2850791e-02,1.2878375e-01,6.7803932e-02,-7.5740487e-02,-5.6557733e-02,-7.3499430e-02,8.0683929e-02,1.1938608e-02,1.0380097e-01,2.0586803e-02,1.8050412e-02,-1.2179933e-01,8.9826998e-02,1.1639013e-01,-1.2355420e-01,4.3482595e-02,-5.3455481e-02,-1.2610886e-02,4.1289399e-02,-1.5673151e-02,-1.8292907e-02,1.2909097e-01,-2.3152366e-02,1.0498137e-01,-6.7517894e-02,1.9005734e-02,5.4395408e-02,1.1267298e-02,-3.9795397e-02,-1.0970497e-01,4.2509383e-02,-6.0380305e-02,3.3904018e-02,1.4750819e-02,1.7541565e-03
-1.2379623e-01,9.5746146e-02,1.0519784e-01,7.5457950e-02,4.7498640e-02,-7.7969188e-02,-8.8785501e-02,6.4856650e-02,2.2748531e-02,-9.8238210e-02,1.1958165e-01,-1.2277454e-01,-1.2107267e-01,1.1196364e-01,-1.2758895e-01,3.0672730e-02,1.3290447e-02,-6.9338409e-02,1.2585811e-01,-3.1929532e-02,-6.0629792e-02,-6.6136588e-02,-6.9110082e-02,4.5654701e-02,-1.1025434e-01,5.1092592e-02,2.4304350e-02,-8.3420439e-02,7.7628867e-02,-4.4909552e-02,8.0866584e-02,-1.2336516e-01,2.2555559e-02,2.7499685e-02,-3.8110169e-02,-4.0372221e-02,-1.8304542e-03,1.0924134e-01,-4.0334624e-02,1.1043270e-01,5.8449737e-02,8.3014736e-02,6.8601583e-02,1.1129089e-01,6.5683816e-02,-6.6861140e-02,-2.9489106e-02,-9.3163318e-02,1.1440941e-01,-5.2260105e-02,-1.1617050e-01,-3.8331715e-02,9.2185952e-03,4.8375918e-02,8.3276508e-02,-4.8887510e-02,-1.0092926e-01,7.1133717e-02,5.9012719e-02,1.2687799e-01
1.0274836e-01,1.9127729e-02,-6.1451551e-02,-1.3663030e-01,-6.2856115e-02,-8.2697797e-03,-7.7162440e-02,2.0948966e-02,-1.0805550e-01,-1.1862999e-01,-7.4985786e-02,-2.3754010e-02,3.1202547e-02,-3.8240131e-02,1.2699897e-01,-4.4421801e-02,3.5929104e-02,-8.0075086e-02,8.3902667e-02,6.3678473e-02,-5.3077080e-02,-8.6166187e-02,6.0664873e-02,-1.2186150e-01,-1.0826120e-01,4.9849185e-02,6.1486454e-02,-6.8658490e-02,-6.1609537e-02,-1.7013604e-02,-8.2689032e-02,-1.1413612e-01,-7.2437757e-02,-2.2586801e-02,1.1465856e-01,7.4310141e-02,-5.9096346e-02,-1.2721169e-01,-1.2505708e-01,-3.8322788e-02,3.2189109e-02,-6.9156093e-02,1.2032879e-01,-5.2597852e-02,-1.0115324e-01,-4.1529887e-02,1.1571338e-01,-1.0382407e-02,1.2092919e-01,1.1889562e-01,-4.4976525e-02,-4.7488755e-02,-5.0227760e-02,1.1460995e-02,-3.6306699e-02,5.4774147e-02,1.2150474e-01,1.0026880e-01,6.2701937e-02,1.2778714e-01
-4.4710060e-02,5.0727757e-03,-1.0560578e-02,-1.0382691e-01,8.9374203e-02,8.0014061e-02,7.3531844e-02,-1.0792668e-01,5.8873641e-02,3.1680153e-02,3.9488985e-03,-4.4955533e-02,-7.4606556e-03,-5.1696184e-03,-4.5110090e-02,-4.1647413e-03,3.1560839e-02,-9.3745162e-02,1.2441251e-01,3.2770315e-02,1.7160570e-02,3.8300907e-02,-7.6228988e-02,-7.8988822e-02,-2.2188974e-02,8.0864179e-03,1.1358256e-01,-3.0150568e-02,3.1412549e-02,-5.0799457e-02,4.3061826e-02,-5.3721547e-02,-4.6460386e-02,7.3524922e-02,6.8750398e-02,-1.0196174e-01,3.5631986e-02,4.5311009e-02,7.8470503e-02,3.5524629e-02,4.8898491e-02,2.0805619e-02,-2.4532490e-02,9.6418230e-02,-9.0979163e-02,-3.5719107e-02,-4.7567582e-02,-1.1400540e-01,1.2093513e-01,-2.5978176e-02,9.0736748e-02,1.9288954e-02,-6.0672250e-02,-5.4654953e-02,-5.9370854e-02,-1.7619758e-02,-2.2928709e-02,8.5929245e-02,-5.5970313e-02,-7.1749172e-02
6.2665315e-02,4.3527222e-03,4.7257534e-02,-3.3679906e-03,1.4123609e-01,6.3866456e-02,5.0824840e-02,6.4613422e-03,4.7170840e-02,1.5481922e-01,-2.2715688e-02,1.0234943e-01,-8.2109000e-02,-1.8255242e-02,-1.0502968e-01,6.5527709e-02,-4.2661243e-02,1.2795088e-01,-6.8402945e-02,-9.9412123e-02,-1.6687832e-02,-2.2194552e-02,8.1002615e-02,9.0669659e-02,8.6694473e-02,-1.9347007e-02,-3.6590778e-02,-4.1400079e-02,9.4289138e-02,-4.6520814e-02,1.4541592e-01,-1.2370967e-01,1.6191255e-01,2.8078864e-02,6.5481646e-02,-5.8695519e-02,-1.0233854e-01,-3.0285821e-02,-1.0463514e-01,7.9241513e-02,4.0565671e-02,-9.9358574e-02,-1.2484537e-01,-5.2152347e-02,1.0521140e-01,-4.5228721e-02,-8.2886814e-02,-4.2146330e-03,7.4896663e-02,1.2293161e-01,-1.9440827e-02,9.8978423e-02,1.6536019e-01,1.3839472e-02,-1.0429943e-01,-2.3797773e-02,5.4403336e-02,-5.3123414e-03,-6.6740115e-02,-1.2791968e-01
1.1985348e-01,-7.6998974e-02,-1.0185678e-01,3.4617513e-03,8.1140049e-02,-1.0336596e-01,-7.1465411e-02,-7.9280305e-02,-6.4734598e-02,2.3715279e-03,1.0824034e-01,6.3638375e-02,-6.8675603e-02,4.6258109e-02,6.4333985e-02,6.8963584e-02,2.0068284e-02,-3.8809387e-02,-2.9172012e-02,-1.2056565e-01,3.2305326e-02,-1.1505827e-01,-6.4521864e-02,-7.5171056e-02,-1.6108001e-02,1.1462376e-01,-6.3666139e-02,-1.1320285e-01,-2.8462738e-02,-1.2695235e-01,1.1680126e-01,-8.5899011e-02,2.1792085e-02,-4.7045171e-02,-9.6368295e-02,1.2277416e-01,-9.3615109e-02,-1.1892062e-01,5.4097507e-02,-7.6081964e-02,-4.2863620e-02,5.3209862e-02,-8.7997357e-02,-8.2279950e-02,1.8782512e-02,-8.0034107e-03,-3.1150746e-02,-9.4170561e-02,1.2171056e-01,1.2582823e-01,-4.4712148e-02,8.4780293e-02,-8.0768774e-02,1.1573606e-01,-1.2602424e-02,-7.6386469e-02,-6.4580214e-02,-9.4117012e-02,-9.7397664e-02,-1.2341051e-01
-9.6704137e-02,1.2104156e-01,6.1787191e-02,-1.4890646e-02,3.3074020e-02,-1.7577646e-02,-4.4964633e-02,-4.2149766e-02,-1.1612175e-01,-1.0155652e-01,-6.6436278e-02,-2.8788366e-02,6.5459220e-02,5.6878141e-02,-1.9211570e-02,-7.1202610e-02,1.9617113e-03,3.1952223e-02,-7.3277595e-02,-5.3433619e-02,7.1857358e-02,-9.5836562e-02,3.2714325e-02,-1.1019469e-01,-1.0785022e-02,2.4566687e-02,-2.2362455e-02,7.1183946e-03,1.3113806e-01,8.6292468e-02,2.8498254e-02,-1.1023870e-02,1.0357078e-01,3.0482294e-04,5.6858888e-02,9.6242859e-02,-5.7954072e-02,-4.4128333e-03,-3.6354520e-02,9.1312072e-02,1.1142264e-01,-8.3295794e-02,-8.0822197e-02,4.6549626e-02,-4.6204947e-02,-8.7894476e-03,-8.3159864e-02,1.1207702e-01,-8.7082439e-02,-5.9385630e-02,4.0697554e-02,-1.1321929e-01,-2.7421629e-02,-6.3875214e-02,-7.2791120e-02,3.7754542e-03,1.3454893e-01,4.8100775e-02,3.0997225e-02,-3.5291740e-02
1.0853244e-01,5.1905086e-02,1.0742651e-01,9.2576022e-02,1.2725419e-01,5.1594641e-02,1.0941367e-01,-8.4019106e-02,6.0956401e-02,3.6409685e-02,-1.3711230e-02,-5.1651254e-02,-4.1557814e-02,1.4879883e-02,6.5107893e-02,3.6600518e-03,-8.7207839e-02,-1.1372041e-01,2.2898175e-02,8.8751811e-02,-2.0917819e-02,9.0521767e-02,-7.3351631e-02,-7.5127906e-02,-9.3582730e-03,9.4442527e-02,8.9720687e-02,-6.8411469e-02,-1.2283563e-01,3.9151530e-02,5.9126651e-02,-9.7167551e-02,-8.8303970e-03,-4.2477865e-03,4.2018291e-02,4.2006379e-02,4.8909219e-02,2.6633927e-02,1.9115025e-02,-1.0069474e-01,-8.1141654e-02,-5.7710088e-02,1.0441204e-01,-7.0056436e-02,-5.6329067e-02,3.9599957e-02,-5.0350634e-02,3.2116659e-02,8.9581979e-02,-1.4573310e-01,1.4213950e-02,-2.3542667e-02,6.8660007e-02,4.2809961e-02,-7.3336435e-02,8.9874097e-02,6.5848975e-03,-1.0237900e-01,5.3872184e-02,-9.9300674e-02
8.9344864e-02,9.2292947e-02,-1.9705984e-02,3.0097894e-02,-5.3953740e-02,2.9134949e-02,-1.3375285e-02,1.6944871e-02,2.6868204e-02,-5.7285601e-02,1.3170985e-02,-4.0083478e-02,-5.0424298e-02,-1.0301458e-01,8.6987751e-02,-2.4891116e-02,7.0726436e-02,6.0866296e-02,1.4727989e-01,7.5039356e-02,1.0651705e-01,4.0402175e-02,9.5437101e-02,3.0272083e-02,3.5308276e-02,3.4062011e-03,1.0448980e-01,-1.1589052e-01,-1.2170748e-01,1.8666571e-03,3.4649375e-02,-6.9151609e-02,7.5652035e-02,5.4477852e-02,-8.1773834e-02,9.0631732e-02,1.2118719e-01,-3.4939072e-02,-9.8706885e-02,3.9936688e-04,8.6364417e-03,-8.2885930e-02,7.8838421e-04,9.6491638e-02,-7.3998588e-02,-5.0718869e-02,7.1264527e-02,-1.1305747e-01,-4.6700208e-02,4.4817810e-02,-4.0519414e-02,-3.4039171e-02,3.2898994e-02,-8.0397516e-02,-9.2103426e-02,1.1240899e-01,-6.7668866e-03,7.1373039e-02,6.6160338e-04,-7.0831525e-02
6.3109212e-02,1.0074255e-01,3.4495521e-02,2.6601950e-02,2.3399773e-02,-1.2154834e-01,3.9478086e-02,1.6742588e-02,-5.3292477e-02,-9.5740254e-02,-1.1830436e-02,-6.2294122e-02,-6.5587270e-02,1.1706726e-01,6.8614267e-03,-5.2761075e-02,-5.4142113e-02,-7.9015915e-03,1.0879549e-01,9.2793285e-02,8.5958487e-02,6.2468112e-02,1.3218128e-01,9.1113483e-02,-9.4011441e-02,5.0774316e-02,7.7712027e-02,-4.8262055e-02,-8.5308942e-02,6.1500336e-02,-4.7405499e-02,1.8267412e-02,3.2992094e-02,4.6281959e-02,-5.0294412e-02,-7.0011638e-02,9.3871460e-02,-3.8398116e-02,-1.2745144e-01,1.2170061e-02,-7.4706717e-02,6.4872680e-02,1.0036226e-01,1.3839312e-02,5.7978344e-02,-6.5024380e-02,9.0161019e-02,-7.7270317e-02,1.0962871e-02,-1.2523828e-01,1.0136990e-01,-3.1019779e-02,5.1301933e-02,6.4112254e-02,-7.5889010e-02,-1.1108852e-01,5.7982369e-02,2.6035162e-02,4.0014594e-02,6.1231653e-02
8.6665725e-02,-6.3005672e-02,-1.2143948e-01,-2.0458149e-02,-1.1583785e-01,1.8009837e-04,5.4636339e-02,7.8196238e-02,-1.8668912e-02,6.1229240e-02,-1.2546374e-03,-2.4963960e-03,1.7686838e-02,6.9271437e-02,-1.2823614e-01,-3.4797686e-02,-1.3392297e-01,2.4562800e-02,5.9023999e-02,2.7225981e-03,-7.8692562e-02,5.4466373e-02,-3.8728853e-02,-1.0440566e-01,-1.3314676e-01,-9.3916375e-02,-1.2069415e-01,9.5495268e-03,6.0200188e-02,7.4232090e-02,1.8260265e-02,6.3193514e-02,-1.1951030e-01,-7.0774895e-02,-3.6621333e-02,-9.7209564e-02,-8.1052868e-02,-9.6209256e-02,1.0128979e-01,2.5440684e-02,9.9253000e-02,8.0152442e-02,-8.1024232e-02,-3.0970812e-02,-1.4930951e-02,7.6694769e-02,-9.1947657e-02,-1.0850086e-01,4.0269147e-04,5.1594512e-02,-1.2454550e-01,-2.6497547e-02,-6.9310852e-02,-3.0671041e-02,6.3979298e-02,2.8760780e-02,6.1687483e-02,-4.6805774e-02,-5.4396967e-02,1.1338607e-01
-9.0027978e-02,-4.0806684e-02,-1.2179210e-01,-1.1370856e-01,1.5232387e-02,-7.4929038e-02,-9.3197288e-04,-9.6783568e-02,-6.6944396e-02,-1.1043346e-01,-5.3327925e-02,-1.0915011e-01,-1.8369624e-02,-6.1614374e-03,1.0187776e-01,2.7480351e-02,1.0676906e-01,1.0523643e-01,4.6288900e-02,6.8453489e-02,-3.6382253e-04,8.9488269e-02,-7.4421974e-02,1.7408387e-02,-8.2573781e-03,4.5745294e-02,4.8677358e-02,1.1397128e-01,3.5037296e-03,2.5089340e-02,-1.0056957e-01,-3.0363986e-02,-6.4662530e-02,8.4193032e-02,4.8311075e-02,7.3980223e-02,-1.0067551e-01,-9.9072780e-02,6.2884456e-02,5.7729353e-02,3.5261193e-02,1.2201497e-01,1.4760044e-01,-1.2835173e-01,-1.0764292e-01,-9.3838348e-02,-3.6569969e-02,1.0098183e-01,-1.0803465e-01,-6.6931485e-02,-4.4995089e-02,-8.1430583e-02,4.1891469e-02,7.3366311e-02,6.2933229e-02,-6.2775399e-02,6.3981861e-02,-7.4050398e-02,6.9799060e-02,-3.8385519e-02
-4.6964116e-02,-6.8781402e-02,9.1765189e-02,-6.1914804e-03,1.9470393e-02,1.2255692e-01,1.9544084e-02,-1.8935436e-02,1.2481384e-01,-2.7540074e-02,6.0197814e-02,3.6190103e-02,3.5854773e-02,-1.1116676e-01,-8.8141520e-02,1.2733945e-01,5.1635702e-02,-7.6294633e-03,6.5078203e-03,3.8099172e-02,1.0964782e-01,-2.3224201e-02,2.4026161e-02,-6.4823629e-02,-1.2161803e-01,-6.3803671e-02,1.3525559e-03,-7.8365267e-02,-4.4986325e-02,-1.0246420e-01,1.0384876e-01,6.1140025e-02,2.7886120e-02,-6.0262585e-02,-1.2036974e-01,-9.1972576e-02,1.0056542e-01,9.2362032e-02,8.5875749e-02,1.2068603e-01,3.6785024e-02,-1.0894345e-02,-5.1998182e-02,-8.8093296e-02,-1.1837841e-01,2.2357880e-02,-1.1166850e-01,2.8538001e-02,-1.7267635e-02,-6.5316590e-02,-2.0030193e-02,-8.9253077e-02,-1.2423338e-01,-6.2952548e-02,-2.3349277e-02,-1.3900941e-02,-1.2334031e-01,-1.0898012e-01,-1.2283591e-01,-1.1225179e-02
8.9130457e-02,-5.3361421e-02,1.5923694e-02,-8.4782728e-02,1.0063944e-01,6.2298184e-02,6.0753130e-02,1.7443361e-02,-2.7879366e-02,-3.1260919e-02,3.8190150e-02,-2.2940200e-02,2.3381609e-02,3.6007336e-02,4.9934486e-02,-6.3947688e-02,1.2426768e-01,-1.3273584e-02,5.0173338e-02,-8.3843430e-02,1.2044256e-01,3.3465616e-02,9.6423683e-02,5.0193893e-02,1.0036896e-01,1.2657472e-01,1.1592446e-01,-1.1886027e-01,1.2946666e-01,1.4316767e-01,2.0195507e-02,-9.2532322e-02,-4.9925536e-02,-2.5552445e-02,9.1313247e-03,-1.1007586e-01,-3.8710696e-02,4.9796558e-02,-9.5154090e-02,1.1270647e-01,-5.7118644e-02,-1.2968047e-01,3.9774112e-02,-1.2369695e-01,3.1336241e-02,-2.4193248e-02,-8.6952732e-02,-9.8340610e-02,5.8922125e-02,3.0874062e-02,-5.7784681e-02,1.1400237e-01,-8.1453178e-02,-2.1225970e-02,-8.7271182e-02,-4.7436688e-02,4.5073169e-02,2.6421057e-02,9.9358458e-02,3.6167172e-02
4.4287683e-03,3.6383169e-02,-8.5319554e-02,2.2173039e-02,1.0394141e-01,-1.1702255e-02,-3.7911562e-02,-5.0904357e-02,2.0208309e-02,6.2557879e-02,9.4183100e-02,7.0241513e-02,-3.3743604e-02,-2.3948510e-02,3.7418352e-02,3.3870524e-03,1.1253984e-01,-1.8687813e-02,-3.1753256e-02,-4.9116495e-02,5.6373488e-02,7.5634004e-02,1.0766581e-01,-5.8845411e-02,6.8436960e-02,8.1765532e-02,-3.0979924e-02,4.1499733e-02,8.8407402e-03,1.2659158e-01,4.4790876e-03,3.7118331e-03,3.0362830e-02,-4.9501395e-02,-1.2482206e-01,3.6129413e-02,1.1094714e-01,-3.8287438e-02,-4.7433075e-02,6.9704804e-02,1.5628511e-01,-2.6345512e-02,-3.9141322e-02,-1.1682102e-01,-8.1634170e-02,2.7577513e-02,-1.7010058e-02,-9.7864813e-02,1.2113457e-01,-1.0022514e-01,-1.5371381e-02,1.4338021e-01,6.4711416e-02,-8.3428598e-02,8.4249106e-02,1.1751625e-01,1.5066400e-01,5.3229249e-02,-1.0214586e-01,2.3232220e-02
8.5993517e-02,-1.0194725e-01,2.7466431e-03,5.2080049e-02,9.1493534e-02,1.1178170e-01,-1.3220768e-02,6.3297465e-02,-9.3157356e-02,-1.6331135e-03,1.0335143e-01,-6.1500029e-02,7.2804766e-02,-7.0353626e-02,6.2600541e-02,-8.7112749e-02,1.8329609e-02,6.4757584e-02,3.8446436e-02,2.9851475e-02,-3.8689674e-02,-1.2622532e-01,4.7246973e-02,4.0930923e-02,8.3706965e-02,-5.5736958e-02,-1.2023644e-01,-8.7534166e-03,3.6155786e-03,-5.2258399e-02,1.1932092e-01,-4.4742686e-02,-2.9241907e-02,-1.2852829e-01,1.2671326e-01,-5.7638978e-02,-2.8905290e-02,9.1751078e-02,-8.9875576e-02,-7.9781330e-02,3.0736032e-02,-1.2395519e-02,7.8662206e-02,-2.8854348e-02,6.5299896e-02,-1.5635131e-02,1.0559766e-01,4.7253806e-02,-1.1805283e-01,5.5812202e-02,-9.1916921e-03,-2.6283584e-02,8.1918351e-03,1.6556468e-02,-1.1829163e-01,3.2166175e-02,-1.2813621e-01,-4.1682631e-02,-9.3762267e-03,3.5375898e-03
-1.1209820e-01,-1.4456746e-02,8.7490500e-02,-9.8841057e-02,1.6181416e-02,-1.8549173e-02,-2.2815824e-02,-5.3664339e-02,-9.8777688e-02,-6.6435042e-02,9.4774715e-02,4.6874517e-02,-7.5936204e-02,1.2511187e-01,-5.4425506e-02,-5.6814195e-02,-1.2179561e-01,-5.9739560e-02,-8.0643853e-02,2.5462211e-02,7.6887003e-02,1.1643106e-01,4.0837913e-02,8.5754518e-02,8.6566379e-03,-4.4710118e-03,-1.2083721e-01,6.5715728e-02,8.3748060e-02,-1.0852563e-01,5.6810310e-02,8.0249504e-02,4.8021276e-02,4.0683498e-03,-7.1177603e-02,-1.2829632e-01,-5.9931889e-02,7.1915796e-02,8.2514886e-02,-1.2479810e-01,-6.4466084e-03,-5.2759831e-02,9.0325095e-02,-5.7457308e-02,-7.4776713e-02,-7.8776248e-02,5.1810845e-02,-7.2639252e-02,-1.0387464e-01,9.1201578e-02,3.7112935e-02,-2.7055043e-02,-1.0929885e-01,1.2543041e-01,1.2983615e-01,-3.6740149e-02,-6.8416512e-02,1.0737726e-02,3.8724755e-02,-3.4881166e-02
8.4368052e-02,-1.0209953e-02,2.0535969e-02,1.1983402e-01,-1.5445027e-02,1.0136086e-01,-4.3823660e-02,-5.9759948e-03,-4.7261072e-02,8.5912195e-02,-4.7035847e-02,6.7679858e-02,-3.9713787e-02,-9.9369030e-03,-7.7529242e-02,-1.4054822e-02,1.3058187e-01,-2.2894951e-02,-1.4512866e-01,6.7453113e-02,-1.2382506e-01,4.9630504e-02,1.0584733e-01,8.0553575e-02,1.4303200e-01,1.0088838e-01,5.8337453e-02,1.3255894e-01,1.0114234e-01,1.0567002e-01,1.0168901e-01,-1.1826021e-01,6.9207656e-02,9.8433624e-02,-1.0182950e-01,-7.8278499e-02,-1.2107251e-02,3.2045120e-02,3.3558646e-02,1.2948882e-02,1.3036783e-01,-2.5507967e-02,1.2368816e-01,1.1831593e-01,4.0069416e-02,1.4253750e-01,-1.3605202e-01,-5.5359557e-03,8.3559846e-02,1.1407836e-01,1.8198292e-02,-7.3494939e-02,9.1348737e-02,1.0227529e-01,-1.0900487e-01,4.8602429e-02,2.7508719e-02,8.0027450e-02,7.9356102e-02,-1.0790693e-01
-7.6362517e-02,-1.0888982e-01,-4.9969372e-02,-2.9601242e-02,-2.1581890e-02,1.3674466e-01,-8.8060963e-03,1.1412714e-01,-1.2722331e-01,1.0557232e-01,5.1789310e-02,9.3893287e-02,-1.0375449e-01,2.4988422e-02,-6.8178172e-02,1.1724094e-01,-9.8814359e-02,-4.8421905e-02,-2.3920291e-02,-3.7215737e-02,4.2243524e-02,-1.2914562e-02,3.1367779e-02,-9.6449370e-03,9.0578300e-02,1.6037158e-02,9.4388049e-02,1.0726853e-02,-1.0777544e-01,1.3498986e-01,-8.3408949e-02,4.9158656e-02,-4.3661115e-02,1.2897577e-01,3.3715298e-02,-5.6060809e-02,-2.5690022e-03,-8.9135891e-02,-9.6268694e-02,-1.1652354e-02,2.1590537e-01,-4.3016721e-02,-3.5951346e-02,8.2082921e-02,-9.5257069e-02,6.4015890e-02,-1.1935754e-01,1.1936378e-01,-3.8548095e-02,1.0609339e-01,5.6169580e-02,4.7747298e-02,1.7960144e-01,-3.6968047e-02,8.6773984e-02,1.0006492e-01,7.2155278e-02,5.7051388e-02,-3.9866365e-02,-1.1542247e-01
-6.8142055e-02,-6.5276830e-02,-1.0547138e-01,-9.2671291e-02,7.8267734e-02,2.6380359e-02,1.0201706e-02,1.2257585e-01,-1.0246288e-01,6.7677142e-02,1.4732991e-02,-2.9495145e-02,-6.8138986e-02,1.0995565e-01,8.8556199e-02,1.1493802e-01,1.1713841e-01,-5.0960336e-02,-4.5891542e-02,-1.0118732e-01,1.1893596e-01,-6.2557960e-02,6.1048028e-03,1.7935704e-02,-4.8084409e-02,-8.1152447e-02,1.1310038e-01,5.3484574e-02,-8.0224047e-03,-8.3743818e-03,5.0299131e-02,1.2445572e-01,5.7985349e-03,3.7107410e-02,1.1297167e-02,1.0586117e-01,-8.8927109e-02,6.7858542e-02,-1.0332185e-01,8.0128429e-02,8.4605947e-02,4.3944508e-02,2.4203477e-02,-4.0811019e-02,-7.1542534e-03,2.1967297e-02,-9.8773647e-02,1.2180700e-01,-1.2536261e-02,1.2113907e-02,1.1692315e-01,-7.1703828e-02,-9.9998909e-02,4.6625763e-02,3.0042192e-02,-1.2833119e-01,1.0119329e-01,-7.9245344e-02,6.3589777e-02,2.7891961e-02
1.1792169e-02,-7.5176481e-02,6.5916585e-02,3.0445893e-02,-1.9153501e-02,2.1861134e-02,2.1002154e-02,7.6698188e-02,-1.3647517e-01,6.0596027e-02,1.2604461e-01,-1.0970352e-01,3.1675452e-02,7.6436144e-02,4.7927783e-02,2.5491343e-02,7.5294761e-02,-1.2408041e-01,-6.2391057e-02,-1.3418673e-02,-6.1499314e-02,3.2349071e-02,2.2018800e-02,3.3707081e-02,2.7531725e-03,9.1938859e-02,1.0478818e-02,-1.8042240e-02,-7.3211260e-02,-1.0558887e-01,-1.8853251e-02,1.1227268e-01,1.6182550e-02,2.9840413e-03,-1.3895839e-02,-1.2815521e-01,1.1757352e-01,1.0716657e-01,-5.8407218e-02,-5.7847773e-02,-6.5995076e-03,5.2118037e-02,-4.6367019e-02,-7.0959784e-02,-9.2667268e-02,-1.0893560e-01,-1.0153419e-01,4.5858575e-02,-9.3773080e-02,-5.2648920e-03,-5.9050311e-02,7.0800885e-02,-2.4222944e-02,5.7680922e-02,-6.9948318e-02,2.6766688e-03,-1.3018900e-01,-1.1170108e-01,7.1303119e-02,1.2616448e-02
1.2194252e-01,-4.2980221e-02,-9.3956940e-03,1.0623866e-01,5.1095603e-02,9.8614372e-02,-1.0984399e-01,1.1393103e-01,-8.3944143e-03,-8.4647923e-02,1.2400694e-02,5.9278425e-02,-1.4466338e-01,-9.2400099e-04,3.5639032e-02,7.2623106e-02,4.7177748e-02,-1.0589254e-02,1.2852621e-01,1.2135216e-02,-2.3745937e-02,-2.1831634e-02,-4.2693443e-02,-6.4446016e-02,5.4597437e-02,-2.4963856e-02,-8.3774786e-02,5.1579859e-02,-7.2734895e-02,5.5433935e-02,8.5616614e-02,-4.8796125e-04,1.2209337e-01,8.4478354e-02,-4.6708469e-02,1.2760005e-01,1.8142030e-02,-4.4134572e-02,6.1670746e-02,-3.1645732e-02,-1.0392575e-01,-5.3618936e-02,5.2106066e-02,1.1189700e-01,-9.6026631e-02,9.9759091e-02,-1.5887888e-01,-6.2608145e-02,1.1442852e-01,-1.2343284e-01,1.1567756e-01,1.2149174e-01,-1.0576036e-01,-2.4170717e-02,1.9124243e-02,-1.5943628e-02,-2.1249762e-02,3.2798496e-03,5.1795661e-02,-1.0614863e-01
6.1986038e-02,-6.1010246e-02,9.2990125e-02,3.7531749e-02,-9.3752032e-02,-3.8723569e-02,-5.7939346e-02,-3.8931578e-02,5.1426006e-02,-9.4960063e-02,1.0355446e-01,-1.2196440e-02,1.3506706e-01,9.3322749e-02,1.8296420e-02,-7.8295098e-02,9.6734491e-02,-3.0703965e-02,8.7993199e-02,-8.6621435e-02,1.2269968e-01,-3.4653386e-02,6.7302714e-02,6.2242158e-02,5.6081857e-02,-1.4366922e-02,8.3580637e-02,-2.0002104e-02,-2.9578166e-02,6.3078098e-02,-4.9256975e-02,-6.6232649e-02,1.0684779e-02,-9.7845959e-02,-2.1317365e-04,1.0612347e-01,-7.3353279e-02,7.0205331e-02,-2.3150210e-02,-1.0232722e-01,6.7347521e-02,2.1979629e-02,1.0655604e-01,-8.4806351e-02,-9.0493313e-02,-8.8704546e-02,-2.7843250e-02,1.1755423e-01,9.5737867e-02,-4.3387146e-02,-1.0936174e-01,-1.2684262e-01,4.6444996e-02,-5.0098477e-02,-1.0865275e-01,-1.1885282e-01,6.9677242e-02,-1.2812665e-01,1.0336954e-01,1.0318404e-01
-1.1693849e-01,-8.2384848e-02,9.3192573e-02,8.3629767e-03,-2.8408198e-02,9.7982032e-02,9.3922751e-02,-1.1964620e-01,-1.4379366e-02,-9.4680854e-02,8.2662160e-02,1.3196088e-01,2.9445731e-02,5.7966401e-02,7.6050759e-02,4.6694368e-02,-1.0766117e-01,2.4160312e-02,-1.2264627e-01,-6.7796649e-02,-3.3531179e-02,-8.3614327e-02,-8.5243167e-02,5.6003107e-03,1.2128429e-01,1.9523759e-02,9.2076217e-02,-5.0734771e-02,-6.8386106e-02,4.2789771e-02,9.6223791e-02,-1.0578172e-01,1.2507476e-01,6.8396797e-03,7.9032692e-02,1.2145684e-01,-1.2784059e-01,-6.3067846e-02,9.9041962e-02,-1.6569134e-02,2.4474001e-02,-3.7165137e-02,9.4494389e-02,1.2565838e-01,1.3025061e-01,1.3021623e-01,-1.0722844e-02,6.9886033e-02,1.0086032e-01,8.1359149e-02,1.2161287e-01,3.3494303e-02,9.3381916e-02,9.3799292e-02,4.5056783e-02,-1.2947705e-01,9.4592075e-02,-1.0411535e-01,6.5558047e-02,-8.1362033e-02
-1.5842833e-02,5.1069558e-02,8.8271951e-02,1.1266911e-01,5.2461997e-02,-7.6149935e-02,-7.3596390e-02,-8.0686142e-02,-6.7944203e-02,9.6512518e-03,3.0274954e-02,3.7207542e-02,6.5124957e-02,5.6916469e-02,-8.5971892e-02,4.3924944e-02,8.2643307e-02,7.1952190e-03,-7.0319739e-02,7.3977849e-02,4.0512083e-02,-1.1978133e-01,3.3814457e-02,-9.8161379e-02,-1.6753510e-02,1.1627233e-01,-1.0167860e-01,1.2741528e-01,1.7920190e-02,4.5278549e-02,1.2994318e-01,9.2854056e-02,4.8514395e-02,2.8452780e-02,-8.1995584e-02,7.5609800e-02,-5.6017279e-02,-8.8455772e-02,1.3585594e-02,6.2818555e-02,1.5122269e-01,7.3060037e-02,-8.4171583e-02,-4.2185067e-02,-1.4229766e-02,8.1866504e-02,1.4094834e-02,-6.9449929e-02,-6.8171335e-03,1.0585616e-01,-1.3059680e-01,9.9848545e-02,4.3892301e-02,5.2393172e-02,1.0009303e-01,2.5071220e-02,8.9857096e-02,9.7293191e-02,6.7461144e-02,1.0407019e-01
-4.5608830e-02,4.7439154e-03,-3.7264969e-02,8.3624768e-02,8.3404547e-02,6.7521149e-02,-3.9088673e-02,-1.4466028e-02,-3.1689608e-02,-1.1496757e-01,-5.5772586e-02,-1.3409777e-01,-8.1573376e-02,-1.1987763e-01,-5.2176532e-02,-4.6048104e-02,-7.7637256e-02,3.5654293e-02,-1.3023576e-01,-2.1127248e-02,6.7166766e-03,7.1385925e-02,-8.7082439e-02,3.4985909e-02,9.4610923e-02,1.1256337e-02,-7.1910252e-03,-1.3068489e-02,6.1920584e-02,7.5535079e-02,1.4237443e-02,-4.6444547e-02,9.0691721e-02,4.3193309e-02,3.9225392e-02,5.2048991e-03,-2.2978163e-02,6.7530914e-02,1.0087017e-01,6.0598438e-02,1.1598433e-01,-5.4994145e-02,-5.3896459e-03,-7.8417256e-02,1.8894314e-02,-5.3388709e-02,1.0125328e-01,-4.2214225e-02,2.0172467e-02,-2.9931755e-02,9.7020973e-03,-3.9812449e-02,-4.9947241e-02,-3.8044753e-02,2.6936537e-02,2.1787056e-02,-3.9393621e-02,-2.1709950e-02,8.9089990e-02,-5.7340565e-02
4.8554226e-02,8.0595201e-02,1.8586264e-02,-4.8772852e-02,6.9628569e-02,9.6067210e-02,4.9023683e-03,1.0077678e-01,1.2773354e-01,3.4276439e-02,-6.2927078e-03,-5.9317464e-02,2.7942214e-02,4.9850507e-02,-8.1932490e-02,-2.6724862e-02,1.1114559e-01,1.0982879e-01,-1.2036974e-01,-2.1140882e-02,-1.0577918e-01,2.2720462e-02,-4.9912728e-02,5.1146491e-02,6.1987360e-02,-6.9374080e-02,-1.2050635e-01,-3.0694190e-02,1.0924985e-01,-4.7019456e-02,6.2100227e-02,2.0048299e-02,-1.9465513e-02,1.3614995e-01,-4.4564743e-02,-4.5623715e-02,5.6732349e-02,4.6225193e-02,4.4590584e-02,8.7203479e-02,-6.4118106e-02,-4.5306667e-02,3.2128636e-02,5.4391917e-02,3.7785970e-02,6.1716739e-02,-7.7939853e-02,4.7718960e-02,-1.1420369e-02,1.0201507e-01,1.0613855e-01,-6.7663340e-02,4.3576417e-02,-2.0037000e-02,-4.7252782e-02,8.2385101e-02,2.1449251e-02,3.0098591e-02,1.9775916e-03,-8.2041297e-02
-8.5344842e-02,1.2422193e-01,-9.1894614e-02,-5.0254518e-02,-1.1845129e-02,-1.6637918e-02,6.2584379e-02,-6.9180096e-02,-5.3861847e-02,-1.4861795e-02,-5.3869923e-03,-9.8677257e-02,7.4573135e-02,9.9549453e-02,-9.6112770e-02,-7.2022855e-02,1.2523040e-01,-2.5940892e-02,1.0246720e-01,6.8397445e-02,5.4983479e-02,-8.3526494e-02,-6.3288516e-02,7.8454921e-02,-1.9822279e-02,-6.2765267e-02,8.8815176e-02,4.3625085e-03,6.6373573e-02,-1.2837510e-01,2.2765224e-02,-3.1674693e-02,6.3831633e-02,5.8647514e-02,-2.4902352e-02,-1.2751833e-01,-2.2493528e-02,-1.1568328e-01,9.5718933e-02,-6.0047720e-02,-8.6480537e-02,-1.5198418e-02,-1.1899429e-01,-8.4998578e-02,1.1132694e-01,-1.0785967e-01,3.8364460e-02,-6.0927337e-02,3.2346237e-02,-7.4597525e-02,1.1803638e-01,-3.7659682e-02,-1.0403183e-01,-4.6957776e-02,1.2354411e-01,-1.0449204e-01,1.1403624e-01,-2.1423082e-02,-9.0229681e-02,-5.9388596e-02
8.7351304e-02,1.1029388e-02,-1.2949901e-01,-3.8041495e-02,-1.2776127e-01,-1.8964802e-02,9.0904353e-03,2.8562723e-02,-6.0933062e-02,1.6720520e-02,-9.0089616e-03,4.4291715e-02,-1.2119628e-01,-4.9133982e-03,-6.9841249e-02,1.1188765e-01,-8.5464021e-02,-1.1111461e-01,-1.1009465e-01,3.0727977e-02,1.4709999e-02,4.5600953e-02,-1.0079281e-01,-3.6150581e-02,7.8181009e-02,-9.5461522e-02,1.0900198e-01,4.5254974e-02,-6.5090572e-02,7.0900184e-02,5.4403097e-02,-8.7422516e-02,7.8470220e-02,-1.2821685e-01,9.9880223e-02,-1.0332062e-01,-3.3796912e-02,1.6684895e-02,-7.6670203e-02,-4.9222791e-03,1.2689824e-02,-1.1992534e-02,-7.1319270e-02,4.4670578e-02,-1.2537927e-01,-7.3974182e-02,-2.7848662e-02,-9.2940786e-02,-1.0353906e-01,-6.2814988e-02,2.4126288e-02,1.0989399e-01,-4.4707706e-02,-9.0840920e-02,-1.0570392e-01,7.2642179e-02,5.6982453e-02,-1.1517119e-01,-7.9885150e-02,6.6004732e-02
5.5582662e-02,-8.8086773e-02,1.2805718e-01,-9.7465838e-02,-7.6855120e-02,2.3484925e-02,6.9719459e-02,-8.2645944e-03,1.8077382e-02,8.4660861e-02,-4.7954306e-02,1.1021231e-01,-9.4887805e-02,-5.6378370e-02,3.0485761e-02,1.1466578e-01,-9.3594613e-02,-9.4117439e-02,2.0240630e-02,-2.5611380e-02,1.2691079e-01,6.3523741e-02,-8.8844544e-02,9.7349550e-02,1.0453440e-01,-5.1198345e-02,-1.8421779e-02,2.6704655e-02,-1.0331240e-01,2.1334414e-02,7.6626986e-02,1.0902178e-01,7.8921140e-02,2.9942594e-02,6.9680143e-02,-1.0141905e-01,-5.9064581e-02,-9.4628557e-02,-9.7152676e-03,-3.9526539e-02,-2.2935895e-02,4.9076292e-02,8.5740121e-02,6.9708633e-02,1.2453870e-01,9.9554494e-02,2.9407737e-02,-1.8024670e-02,-7.6791682e-02,2.6031058e-02,-8.6112068e-02,1.6308976e-01,1.2976694e-01,9.9573159e-02,1.1510441e-01,-1.2505927e-01,1.5144472e-01,8.8666731e-02,9.4946000e-02,3.2522056e-02
-2.3548850e-02,1.8805433e-02,4.7051956e-02,-1.0423246e-01,9.7226167e-02,7.6973266e-02,-1.0168438e-01,-1.0354529e-01,-3.6820502e-02,8.6757482e-02,7.3453604e-02,9.4034303e-02,-4.7720877e-02,1.2513404e-01,1.9311712e-02,1.9189469e-02,1.1640197e-01,-4.5961466e-02,-4.7973339e-02,-1.0752375e-02,-8.8010978e-02,2.6121376e-03,1.0855974e-01,2.8371783e-02,9.9647557e-02,-3.0660512e-02,9.8046994e-03,9.7485350e-02,-1.3517861e-01,1.0566763e-01,-2.7214873e-02,-2.0840860e-03,-5.9420776e-02,1.0419015e-01,-9.3715676e-03,4.5931193e-02,1.0823820e-01,1.0204780e-02,-8.3844072e-02,8.6722342e-02,-4.7933242e-02,-7.7271913e-02,3.3216890e-02,-7.0084780e-02,-1.0106759e-01,8.6629659e-02,-4.7439947e-02,1.2840458e-01,-8.5151988e-02,-7.5910624e-02,6.9155448e-02,-8.2524057e-02,7.1359809e-02,8.1078509e-03,1.0022391e-01,-5.1516339e-02,1.9211177e-02,1.2888935e-01,-1.2975735e-01,-1.0795902e-01
6.3420097e-02,-9.2544464e-02,-1.0737496e-01,6.7415000e-02,-2.7843655e-02,3.5936906e-03,6.4421458e-02,4.6072502e-02,-1.9767437e-02,5.7680267e-02,8.2231237e-02,6.3187632e-03,7.3876107e-02,-1.0554305e-01,1.1937171e-01,-1.0771678e-01,-6.9302006e-02,-1.2516980e-01,-1.0680605e-01,6.5354507e-02,-1.1217271e-01,-5.2633512e-02,-5.0048486e-02,-1.1169990e-01,-4.1825983e-02,2.1264849e-02,-1.4424733e-02,-1.1489574e-01,-9.9530931e-02,-1.0038507e-01,-1.2049529e-01,1.3473264e-02,8.0708730e-02,-3.0795274e-02,-9.1059890e-02,-1.0165973e-01,-1.3354252e-02,-4.9372440e-02,-3.9701300e-03,1.1457490e-01,1.7834730e-03,-1.0250118e-01,-6.3929590e-02,-5.7354715e-02,-4.8298089e-02,7.1278856e-02,-7.4830953e-02,1.1007964e-01,-7.7356315e-02,1.1439714e-01,3.8112321e-02,-1.1396472e-01,-1.4681776e-02,-7.2546307e-02,-1.0614093e-01,3.6954637e-02,-9.6227408e-02,-1.8041526e-02,5.5930318e-02,1.1922634e-02
6.1595766e-02,-5.9843755e-02,-1.1804764e-01,1.3351364e-01,-1.0894156e-01,-4.8350953e-02,-3.0061070e-02,-6.3033726e-03,6.9989122e-02,1.0099260e-01,-2.5326337e-02,9.2239781e-02,-1.4731261e-02,9.0939029e-02,5.3638455e-02,-6.5537014e-02,4.9582580e-02,6.7952152e-02,-4.9831611e-02,2.8325521e-02,-2.0847467e-02,-2.8917074e-03,-5.7323289e-02,-1.0512990e-01,5.3610618e-02,-1.0863211e-01,4.3730111e-03,-9.0854807e-02,1.1980803e-01,-6.7571804e-03,1.1414212e-01,-6.9614178e-02,-1.0161995e-01,-1.5317884e-02,7.5784270e-02,-4.1824261e-02,-1.1849785e-01,-7.1982618e-03,7.7717188e-02,9.1780215e-02,-5.8555324e-02,-9.6766961e-02,-3.9853476e-02,-4.1983443e-02,1.0868788e-01,-2.1126366e-02,3.2086584e-02,8.8658598e-02,-2.4585417e-02,2.7665111e-02,-3.7302946e-02,2.1868018e-02,9.0201257e-02,8.2115229e-02,-3.1569766e-02,7.2266305e-02,-1.1211782e-01,-8.8195163e-02,-1.0816682e-02,1.1208527e-01
-3.1314609e-02,6.7677630e-02,-1.5159401e-02,-7.5053139e-02,-5.5844445e-02,3.1316058e-02,-8.2146631e-02,4.3070800e-02,-2.4435462e-02,-5.8768889e-02,-1.5995753e-02,1.3833097e-02,-7.6139837e-02,-3.5676603e-02,-8.7353894e-02,-6.0377665e-02,8.7792299e-02,-6.7422064e-03,-1.2629363e-01,-8.8722049e-02,-6.1605650e-02,-4.5613103e-02,1.2980615e-02,1.2497256e-01,6.4672287e-02,-1.0138066e-01,5.2266089e-02,-3.2934216e-02,-1.1505164e-01,-1.1931110e-01,6.6283571e-02,-1.0244090e-01,-2.6684239e-02,-9.4645193e-02,7.9037175e-02,1.2342700e-01,9.5464452e-02,6.4047167e-02,8.0355905e-02,-8.2438986e-02,4.8788347e-02,8.6986074e-02,8.3932773e-02,-7.5567038e-02,-3.1923221e-02,-6.0089347e-02,-8.7501432e-03,-5.7637043e-02,5.1727470e-02,-2.7133499e-02,3.0070845e-02,-6.9162141e-02,4.8298785e-02,-1.2042778e-01,-1.2196813e-02,-1.2606926e-01,-7.4678338e-02,-1.1172957e-01,2.9202946e-02,6.7250335e-02
3.4876246e-02,-2.4692418e-02,6.0390429e-02,1.2075657e-01,1.1031518e-01,1.3708008e-01,1.1038230e-01,1.1961754e-01,3.1546458e-03,4.9654787e-02,1.0687453e-01,-6.5591133e-02,1.0299826e-01,1.3332508e-02,-1.2147156e-01,2.1440766e-02,3.2508533e-02,-7.3783283e-02,8.7137384e-02,-1.0061116e-01,1.0593395e-01,5.3132853e-02,-1.6977139e-02,3.7364023e-03,-4.3451964e-02,-1.6918927e-02,-9.6112519e-04,3.8038226e-03,9.6262643e-02,5.2491786e-03,-8.9548885e-02,3.0170233e-03,7.1661637e-02,7.0635719e-02,9.5785423e-04,-2.3285061e-02,-1.1654602e-01,-1.2458027e-01,-2.0009535e-02,6.5668819e-03,6.3794541e-02,1.2997976e-02,1.4811591e-03,1.1673957e-01,-7.6317414e-02,-4.9150624e-02,-4.7879412e-02,1.3931821e-01,1.0340827e-01,-3.0323802e-02,2.7200856e-02,7.6908287e-02,-6.9132253e-03,5.4888452e-02,1.0020552e-01,3.5760284e-02,7.8032576e-02,2.6682558e-03,2.5667831e-02,-3.0354121e-03
-1.1895727e-01,9.4603850e-02,1.1660273e-01,-7.2251274e-02,1.8075075e-02,1.2618513e-02,-9.7301711e-02,-8.8059552e-02,-9.0745662e-02,5.9471776e-02,-6.0167390e-02,-5.8715351e-02,7.1129643e-02,2.5796843e-02,-8.7609372e-02,-5.8298147e-02,8.4660752e-02,1.1647688e-03,8.5989092e-02,7.7503446e-02,-3.2954232e-02,-1.2104348e-02,-9.5346972e-02,7.9987929e-02,-8.2539882e-02,-5.8403605e-03,2.4877505e-02,7.2516886e-02,-6.9510777e-02,-1.0196327e-01,-1.1906060e-01,8.5008257e-02,7.5426049e-02,1.0155506e-01,-3.8000170e-03,1.2740645e-01,2.8762642e-02,-8.9523539e-02,-6.9940264e-02,-8.1950377e-03,1.4575553e-01,-9.6740058e-02,-1.2557703e-01,-8.6141906e-02,8.4070532e-02,1.5431891e-01,4.8047486e-02,-5.6227039e-02,-7.1308804e-02,-4.6908475e-02,3.2260143e-03,9.6650659e-02,1.1015427e-01,5.5162486e-02,-6.2880826e-02,-1.0846513e-01,6.7690807e-03,6.5140627e-02,1.2444245e-01,1.7609461e-02
-1.2132192e-01,-5.4620070e-02,-1.2377958e-01,-4.3897217e-02,9.9858958e-02,1.1681023e-01,-4.4260956e-02,2.2788656e-02,9.6601302e-02,1.1099876e-01,5.8131571e-02,3.1090704e-02,8.2695102e-02,8.0760428e-02,6.4507150e-02,9.4067223e-02,3.0517324e-02,-3.9884670e-02,-4.6521995e-02,-3.9157354e-03,4.1995648e-02,-4.8073819e-02,2.6040971e-02,-4.9070281e-03,-7.6868136e-02,1.3575357e-01,5.2873826e-02,1.0120187e-02,9.3032093e-02,1.2670017e-01,-4.8045954e-02,8.8753218e-02,6.2002188e-02,4.9085992e-02,-2.6510623e-02,-9.5390160e-02,2.6563422e-02,-1.0598871e-01,8.3983452e-02,-4.3160051e-02,3.2313196e-02,-1.2722320e-01,1.0511092e-01,1.8091861e-04,8.3937931e-02,2.1579725e-02,-8.8991369e-02,-7.3072417e-02,6.3501136e-02,-6.5760531e-02,-5.6553303e-02,2.0496701e-02,4.3375224e-02,-1.1359202e-01,-1.0280100e-01,-4.0128315e-02,-2.9171548e-02,5.9736752e-02,-9.1499202e-02,9.1912517e-02
-5.6965388e-03,1.6395375e-02,-1.0999642e-02,-8.9620738e-02,-5.8147619e-02,9.2943064e-02,7.1843675e-02,-1.0798687e-01,-1.0780418e-01,1.1723810e-01,3.0674052e-02,-2.9605345e-03,6.2425892e-02,4.0309131e-02,-4.6433617e-02,-6.4176281e-02,-1.5022215e-02,-9.5986077e-02,-8.0830448e-02,-1.0969007e-01,-9.0675692e-02,-9.6594916e-02,-8.1865711e-02,1.2582671e-01,7.7179730e-02,1.7131877e-02,9.2726624e-02,-5.4865500e-02,2.7896250e-02,7.4026944e-02,7.0702407e-02,-8.9756916e-02,1.5741610e-02,2.4436047e-03,-7.2213375e-02,1.1796630e-01,5.0259019e-02,8.5399157e-02,-5.1072969e-02,-3.1026875e-02,2.9997200e-02,2.9345110e-02,5.9900103e-02,-1.1934816e-01,6.9619376e-02,-6.6763774e-02,-9.9092069e-02,9.9541119e-02,2.4740365e-02,9.3334763e-02,1.1635338e-01,-5.6538067e-02,-5.4821772e-03,6.3088224e-02,-9.7563736e-02,9.8537798e-02,-1.1388860e-01,-9.0061371e-02,-1.9563520e-02,-9.9761536e-03
3.2968671e-02,9.4856151e-02,-4.8340348e-02,3.1601119e-03,2.2279118e-02,5.7609526e-02,6.9285989e-02,8.8268665e-02,3.1235145e-02,-8.1612333e-02,1.3372937e-01,-8.3434909e-03,-1.4474042e-02,-1.1683242e-01,2.5166719e-02,-6.6077528e-02,-1.2590705e-01,-4.0494612e-04,-4.3754494e-03,-1.0057941e-01,9.8218421e-02,4.3430711e-02,4.9316491e-02,6.0290990e-02,-7.3431803e-02,-1.0319620e-01,-8.7358314e-02,2.1169797e-02,1.0158912e-01,2.7596118e-02,1.0474652e-01,8.7164616e-02,1.1753939e-02,-6.3073328e-02,2.4369714e-02,-8.2363258e-02,-3.5686907e-04,-4.1488406e-04,1.0770555e-01,6.1204175e-02,5.8980725e-02,5.2036595e-03,4.5720084e-02,1.2464572e-01,1.5198841e-02,4.3196956e-03,-9.5182622e-02,1.1438459e-02,-9.7019619e-02,5.0832273e-02,1.1100054e-01,6.2765514e-02,-1.5712316e-01,-2.3644844e-02,5.9549533e-02,-3.2812081e-02,2.1890041e-03,1.2048605e-01,1.4982618e-02,-7.0804629e-02
2.4596652e-02,-9.1305778e-04,9.8264558e-02,-6.5391818e-02,-9.3239436e-02,-1.2838699e-01,1.0404641e-01,-1.2369751e-01,-2.3405972e-02,7.8701957e-02,-4.6866336e-02,-9.2741510e-02,4.5523533e-02,-7.3920872e-02,-1.1311267e-01,1.3710875e-01,-8.4751229e-02,9.9322759e-02,-2.9698721e-02,1.4680972e-02,7.3858578e-03,-5.8548524e-02,-1.0542351e-01,1.0343336e-01,5.6989906e-02,-7.5959743e-02,-7.6549410e-02,6.7054501e-02,-3.4972050e-02,-3.3460475e-03,-1.2697908e-01,6.9683396e-02,-1.2303900e-01,-2.5869348e-02,1.0437026e-01,6.7310861e-02,-1.1756241e-01,-3.6843559e-02,-2.0596942e-02,7.0843178e-02,-7.3045469e-02,-2.9608734e-03,4.8942811e-02,9.5436539e-02,-5.0648000e-03,-9.6399584e-02,-1.3080116e-02,-1.0055038e-01,9.1499537e-05,-1.1889752e-01,5.2302955e-02,3.2400006e-02,5.4391691e-02,1.0750111e-01,-4.3428790e-02,7.2557446e-02,1.0295103e-02,1.0759113e-01,5.1667852e-02,7.7846848e-02
-1.2191447e-01,-1.1281566e-01,5.5083851e-02,-4.0264453e-02,1.1857924e-01,1.1034773e-01,1.2222280e-02,-3.9255170e-02,1.1463161e-01,-7.6709732e-02,-4.4554357e-02,1.7603649e-01,5.1736438e-03,-2.7877719e-02,-5.8168253e-02,-1.1870222e-01,1.6660339e-01,-1.3363010e-01,-1.1360400e-01,3.2601862e-02,1.2213356e-01,6.3244729e-04,5.5764209e-02,-1.0842643e-01,-4.0045210e-02,9.7205103e-03,1.2850847e-01,4.0011519e-02,9.7628028e-02,1.0826351e-02,4.4397232e-02,-2.4704006e-02,6.1625745e-02,-2.4690868e-02,-1.2235653e-01,6.3882866e-02,-7.4035662e-02,-2.3309634e-02,-9.0131740e-02,-9.1535355e-02,8.2561382e-02,-1.6176110e-02,2.3134642e-02,1.8133967e-02,-5.9816266e-04,3.1770241e-02,8.0598594e-02,2.3986007e-02,7.6957747e-02,2.1787672e-02,2.9090444e-02,9.3401905e-02,1.3063177e-01,-5.9616342e-02,7.7792372e-02,-8.8000424e-02,-6.5187725e-02,-7.5568518e-03,1.0319405e-01,-6.5377274e-02
2.0353497e-02,-1.1403740e-01,-5.9908158e-02,1.0592712e-01,-1.0153537e-01,2.6910857e-02,5.7443698e-02,-4.5180120e-02,1.0551663e-01,5.6448945e-03,8.5956705e-02,3.4686536e-02,-1.3050645e-01,-2.9437791e-02,-9.1792918e-02,1.2183025e-01,1.0890221e-01,9.4456842e-02,9.2831221e-03,-8.5351612e-02,-3.0299864e-02,4.4172301e-02,1.0353865e-01,-1.0559881e-01,1.1841066e-01,1.0246759e-01,-1.1919568e-01,3.4815743e-02,-1.1457758e-01,1.2879840e-03,-7.2217422e-02,-2.7662528e-02,-1.2415809e-01,-4.2627551e-02,-2.7726865e-02,-6.4423390e-02,-1.5155907e-02,-9.1586314e-02,-4.7241984e-02,-8.6216398e-02,-1.2078194e-01,-1.9695004e-02,-1.1011725e-02,-2.9533231e-02,8.7975879e-02,9.7136729e-02,1.1464280e-01,5.6235287e-02,4.4057824e-02,3.8562044e-02,-1.2445011e-01,1.0758754e-01,4.0013503e-02,8.2911725e-02,4.7886558e-02,-3.8437490e-02,-2.1256672e-02,-1.1205763e-01,1.1044460e-01,5.8302197e-03
-9.5506025e-02,2.8983849e-02,4.5947722e-02,6.0794169e-02,8.0126074e-02,-7.0697533e-02,-4.3365681e-02,9.7796270e-03,7.1909772e-02,-1.1188111e-02,-1.0394461e-01,1.5583688e-02,1.8837182e-02,7.7549603e-02,1.1147991e-02,-5.8312167e-04,1.1295591e-02,-7.6292763e-02,1.1779964e-01,-2.0221756e-02,1.0709448e-01,5.6322632e-02,-5.9546929e-02,-1.1316515e-01,-3.1232221e-02,-2.4370978e-02,-1.1242689e-01,1.2841739e-01,1.0198012e-01,3.1767402e-02,-1.0237559e-01,-5.5366699e-02,-4.2287717e-02,-3.6242120e-02,2.8437092e-02,1.9046559e-02,-6.7927609e-02,3.3036414e-02,4.9379610e-02,1.0963361e-01,6.2042027e-03,1.3028777e-01,-1.1966783e-01,-7.5980434e-02,9.0268809e-02,-1.0108360e-01,-5.5435165e-03,8.7205283e-02,-1.8941911e-02,9.5322584e-02,-1.5135427e-02,-2.4716709e-02,1.2225209e-01,1.1985362e-01,3.8653995e-02,1.0359206e-01,6.8001933e-02,1.2255712e-01,7.5458018e-03,-6.5242594e-02
-8.8740280e-02,6.6030706e-02,-8.4062224e-02,-1.1197529e-01,2.7856003e-02,-2.1793747e-02,-3.3773129e-02,4.0920164e-03,2.3340475e-03,-1.1070214e-01,1.1143187e-01,3.9962842e-02,9.2036418e-02,1.9924879e-02,5.3665497e-02,-1.0143181e-01,-1.0849924e-01,-1.0148083e-01,9.8165364e-02,-1.7062012e-02,1.3705980e-01,-9.2695360e-02,1.2490377e-01,-1.0755661e-01,-1.1624256e-02,-9.8878393e-02,7.9396204e-02,2.4772377e-02,3.7743979e-02,1.0804510e-01,1.9846273e-02,-4.7898429e-02,-2.5119363e-02,4.9691256e-02,-1.0767943e-01,-3.1191123e-03,-6.2745862e-02,-8.4750428e-02,-2.2563037e-02,-9.3017495e-02,-8.5268383e-02,1.2477653e-01,-8.2427513e-02,-1.8951628e-02,-1.3229571e-01,-6.0487227e-02,-6.0752550e-02,3.3227982e-02,-9.7908879e-02,-6.7920845e-03,-1.1568973e-02,5.1372059e-02,-1.5895642e-02,4.7299866e-02,-6.7698269e-02,1.3986381e-01,3.3651111e-02,8.8142104e-02,-6.5560238e-02,-9.8264139e-02
5.0929983e-02,4.9315461e-03,-1.1664389e-01,4.3755420e-03,-4.8998770e-02,8.3632820e-02,6.7445171e-02,1.1408162e-02,-9.5861120e-02,-1.0504198e-01,5.0841315e-02,-1.1016229e-01,8.9192167e-02,-1.1095609e-01,-1.5508361e-02,-1.0536241e-01,5.2274379e-02,1.2048649e-01,8.3200934e-04,-2.9196101e-02,1.1849226e-01,1.0790317e-01,7.6200786e-02,-8.6069398e-02,-2.4250707e-02,-1.0446106e-01,1.2199273e-01,-7.9883815e-04,-9.9629724e-02,-4.6096984e-02,1.2825780e-01,7.0913381e-02,8.7508165e-02,-3.8657503e-02,-5.8728256e-02,5.9093662e-02,7.4435318e-02,-6.7004634e-02,-1.0079907e-02,-5.5000114e-02,6.3314029e-02,1.0123733e-01,9.7985505e-02,1.4961304e-02,1.1807146e-01,1.0802494e-01,-7.8734380e-02,-2.8034472e-02,-4.4893430e-02,4.1021635e-02,-7.3872997e-02,-8.4071193e-02,7.3816596e-02,6.2753886e-02,-6.3587215e-02,1.1269874e-01,-1.6588916e-02,-1.2326920e-01,-7.7248109e-02,1.2437006e-01
7.8538709e-02,4.8385243e-02,-7.1672954e-02,8.0237389e-02,1.2710651e-01,5.0985701e-02,3.6868861e-02,9.5242844e-02,7.8266676e-02,1.4908334e-01,5.3357004e-03,3.7240391e-02,-7.8902116e-02,1.0418934e-01,1.2823515e-01,-1.0498574e-01,1.3214627e-01,6.1227916e-02,-4.9307103e-02,-1.0644086e-03,-2.5189191e-02,-2.2687681e-02,-1.6433321e-01,4.7083065e-02,-3.8511272e-03,6.2743662e-02,-1.1997241e-02,-1.9484089e-02,-1.2968076e-01,-1.0341053e-01,-6.1981192e-02,9.2307529e-02,1.0398822e-01,3.4194296e-03,5.6569716e-02,5.7077432e-03,8.4914603e-02,1.1062448e-02,1.1525518e-01,7.1974818e-02,-4.0595109e-02,-3.3690866e-02,-1.7504483e-02,1.1865171e-01,-1.0860538e-01,-5.8455890e-02,-6.1299267e-02,-9.1800893e-02,1.1893775e-01,3.0466019e-02,-7.3329828e-02,4.5641602e-02,-6.8333194e-02,5.6667326e-02,-3.3088854e-02,-3.4275762e-02,-3.3237730e-02,1.2056581e-01,-1.1208235e-01,5.6664492e-02

-6.9047796e-02,1.2690242e-02,-3.1475766e-02,2.4847108e-02,-7.4383150e-02,-3.0647050e-02,6.3579279e-02,-9.3038293e-02,-8.7096742e-02,-1.1595921e-01,-6.5845435e-02,6.2449942e-04,2.2114257e-02,-9.3403537e-02,-1.9902232e-02,1.1456494e-01,-6.1073563e-02,5.2224662e-02,-8.7746923e-02,-1.1402674e-01,-2.1519009e-02,-6.8681838e-02,1.3819791e-01,-1.1870822e-01,-3.4468829e-02,-1.0968208e-01,6.3001293e-02,-7.3102209e-02,1.2295360e-01,5.0066766e-02,7.0940808e-02,-1.2322181e-01,-8.8309572e-02,9.1069007e-02,1.3076551e-03,-3.7908154e-02,4.3459759e-02,2.1895794e-02,-4.5880830e-02,-2.3361875e-02,2.6706491e-03,-2.9555198e-04,8.6259926e-02,-1.2821501e-02,-5.0939959e-02,-1.0592073e-01,-1.1957745e-01,8.8923644e-03,3.8612598e-02,-6.9906745e-02

-1.6648663e-02,-9.7585215e-02,4.9776962e-02,-7.7961157e-02,1.1819216e-01,-4.0321467e-02,1.0195428e-01,-3.2973113e-02,-9.9134163e-02,6.8994242e-02,-1.5838551e-01,5.6883651e-02,1.3015543e-01,4.9781786e-02,7.1021323e-03,-1.0268600e-01,-7.0541925e-03,-7.0837743e-02,-3.4613795e-02,-2.8604707e-02,5.8160974e-02,-1.7811125e-01,-1.1370980e-01,-4.5641323e-02,9.2885447e-02,4.2090530e-02,-5.4429261e-02,-2.4101836e-02,-5.4446851e-02,-7.0713899e-02,3.3327998e-02,5.4606662e-02,-8.0983518e-02,-9.0205519e-02,8.7777484e-02,8.7882372e-02,1.0027207e-01,6.5333868e-03,-5.1372727e-02,-5.6994649e-02,-1.2878518e-01,-8.1003186e-02,4.0688113e-02,-2.1172179e-04,-9.0471040e-02,8.8720811e-02,4.9851205e-02,-7.3162237e-02,1.2829913e-02,-2.2563580e-02
-4.9829464e-02,-1.1418035e-01,-1.1329201e-02,-2.8679553e-02,1.0391366e-01,-3.3632337e-02,-9.4192292e-02,-5.5120609e-03,-1.0202709e-01,-2.9005826e-02,5.5056917e-02,-2.5871290e-02,1.0239692e-01,-2.6289415e-02,-8.6219162e-02,1.4435906e-01,-2.8565684e-02,-2.2843346e-02,-1.4614277e-01,7.5070316e-02,5.4115069e-02,-1.7792962e-01,-1.2409184e-01,1.1696069e-01,1.2819802e-01,2.2686014e-02,8.7417934e-02,-1.7864608e-01,-1.6359091e-01,6.6097796e-02,-1.4179346e-01,4.4293251e-02,-1.9236542e-02,-2.6559937e-02,2.5727012e-03,-1.1473978e-01,1.0296663e-01,1.0507374e-02,-1.1599758e-01,-1.5867317e-02,-8.2850316e-02,2.6687329e-02,-3.7909294e-02,7.2073812e-02,-1.0546991e-01,5.8483919e-02,1.5100285e-02,1.0247902e-01,-3.7383782e-04,3.1188549e-03
7.8869250e-03,-1.1202410e-01,-1.1472098e-01,1.2446984e-01,-7.6221259e-02,-1.1273605e-01,5.9657510e-02,2.7512120e-02,9.2211279e-02,4.6908623e-02,5.3629368e-02,1.3047393e-01,-1.4016057e-01,5.3370941e-02,-1.9112967e-02,3.7551288e-02,-1.0919314e-01,-2.0505316e-02,3.2158647e-02,-4.2922055e-03,4.2361547e-02,3.6751748e-02,9.5392860e-02,8.5689809e-02,1.3336135e-01,9.5793797e-02,-7.1637828e-02,3.9649235e-02,-6.2508465e-02,-7.3044642e-02,4.8710229e-02,-1.0375949e-01,8.2760943e-02,7.8154745e-02,7.5308469e-02,-6.6294225e-02,3.4291253e-02,-1.2822408e-01,1.0225115e-01,2.3235024e-02,-9.7902485e-02,1.2096957e-01,-9.2061601e-02,-8.8072147e-02,-7.9237338e-02,-8.3505794e-02,3.8218683e-02,5.9589552e-02,-7.6615068e-02,7.4434529e-02

8.8053331e-02,1.0026880e-01,1.0294766e-01

