-8.4601456e-02,3.0113385e-02,9.8951290e-02,-1.7623487e-01,-2.8271976e-02,-1.3987378e-01,-8.1881833e-02,9.2072663e-02,8.7466300e-02,4.9277677e-02,-2.5249054e-01
9.4245012e-02,1.4710683e-01,3.4119975e-01,-2.1349970e-01,1.8388393e-01,3.1863120e-01,-1.2755089e-01,2.2183368e-01,-1.0716604e-03,-1.0372544e-01,-1.1603995e-01
1.6726617e-01,3.0298570e-02,1.8516334e-01,-3.7076787e-02,-3.8203171e-01,8.8407252e-02,3.5081799e-02,-1.7976368e-01,8.6346162e-02,-4.2903551e-03,1.8083386e-01
1.5233442e-01,-1.7781537e-01,-1.1611416e-01,-4.8478694e-01,-6.1214033e-02,-1.8044720e-01,-1.3918252e-01,2.5647401e-01,5.0828349e-02,-1.4490822e-02,1.9332980e-01
-2.1399662e-01,-1.1155119e-01,1.9714675e-01,-4.1485636e-02,1.2301771e-01,-4.9722360e-02,1.6888662e-01,6.8073706e-02,-2.6335977e-01,-7.4171842e-02,-1.1349282e-01
2.6392430e-01,2.1340033e-01,4.9370293e-02,-8.9029673e-02,2.2543145e-02,1.6409998e-02,-2.2683435e-01,-2.1418172e-01,-9.5761258e-02,2.0820623e-01,-1.1227841e-01
-2.5543454e-01,-8.0301340e-02,-4.0537112e-02,-2.6196664e-01,-1.2894602e-01,2.1752440e-01,-8.5261091e-02,2.3775639e-01,-1.3655810e-01,1.4566524e-01,-3.2999169e-01
-2.0401129e-01,1.5963603e-01,4.1374268e-02,-2.9620955e-01,1.0954189e-01,1.1233025e-01,1.1124240e-02,-2.3368502e-02,3.3547201e-01,2.8416371e-01,3.0388975e-01
-2.8745645e-01,-8.4607354e-02,1.0298896e-01,-1.4200919e-01,-4.0375935e-01,1.9855454e-01,-1.7798475e-02,2.5631306e-01,-2.0386648e-01,8.8272295e-02,-2.5165857e-03
-3.0962770e-01,-7.8980357e-02,-1.8564320e-01,-1.4780700e-02,9.5297177e-02,2.6049893e-01,-2.5124512e-01,2.6672174e-01,-2.3614025e-01,-1.2218181e-01,-2.7922019e-01
1.4398664e-01,1.2579022e-01,-7.2395667e-03,-1.5466911e-01,2.5018132e-01,-1.5136797e-01,-5.7979971e-02,-2.0266670e-01,-2.6507245e-01,-2.0989405e-01,-2.3585356e-01
-2.3923462e-01,-6.4498104e-02,2.0812717e-01,4.2630035e-01,1.4545166e-01,9.5017698e-02,9.3789195e-02,1.9109278e-01,2.6710549e-01,-1.3673633e-01,3.4025677e-02
6.8292959e-02,1.3415172e-01,-1.1141639e-01,1.1423462e-01,-2.5623453e-02,-2.5037407e-01,1.0663589e-01,6.3950055e-02,1.9164286e-01,2.2462137e-01,-1.2203849e-01
-5.9506536e-02,1.8677815e-01,2.9171445e-01,-9.7333557e-02,-1.1645934e-01,-1.1901437e-01,2.8894769e-02,-2.0380115e-01,1.7476499e-01,-1.1764118e-01,2.8827841e-02
9.6072593e-02,4.9184506e-02,1.1897120e-01,3.2741019e-01,6.0297139e-02,2.3377142e-01,9.5728251e-02,-2.6290712e-01,1.8251327e-01,-1.2982022e-01,-1.2831891e-01
-8.9746766e-03,-1.4754120e-01,1.1242587e-01,3.6677340e-01,-3.2519318e-01,2.0776689e-01,6.8893916e-02,2.4794874e-01,2.8338616e-01,-8.4825830e-02,2.6685475e-01
-7.6563439e-02,-2.4748480e-01,-1.6237834e-02,-1.1405374e-01,1.9658798e-01,-5.6916645e-02,3.7162824e-02,-1.9773310e-03,1.6123229e-01,-1.7935178e-01,2.0632068e-01
-2.2916531e-01,8.0046625e-02,-1.3301818e-01,1.2869715e-01,4.0287631e-01,2.2104690e-01,7.5212589e-02,-2.0536861e-01,1.7656103e-01,2.5903132e-01,-1.9336795e-01
-2.5868481e-01,-1.5711482e-02,1.7443401e-01,1.5351344e-01,2.0521365e-01,2.5623785e-01,1.6718911e-02,-9.2592420e-02,7.5934712e-02,-2.9905703e-01,-2.5704454e-01
-8.8144048e-02,-2.3639634e-01,3.7939346e-01,-6.5857441e-03,-2.4448129e-01,1.1123619e-02,-2.5823478e-01,1.0147185e-01,3.0288650e-01,-1.6792960e-01,-2.6419108e-01
-1.3056556e-02,-2.5375872e-01,1.0356887e-01,-2.4402508e-02,-2.5957001e-02,8.6774086e-02,6.5431257e-02,2.7438997e-02,2.2757044e-01,3.0356550e-01,8.6043691e-02
2.4725088e-01,-1.5386548e-01,2.4486274e-01,-2.2293689e-01,3.1765793e-01,-2.0389679e-01,1.1003089e-01,1.5734445e-01,1.6260695e-01,-4.3645485e-03,1.4575809e-01
5.3444641e-02,-2.1310029e-01,-3.0312539e-01,2.5922847e-01,-3.2332121e-02,8.9423698e-02,2.6068840e-01,4.6150306e-02,-2.5668233e-01,-2.9531986e-01,1.2708317e-01
-1.9368826e-01,-2.9422706e-01,1.4886111e-01,1.9838253e-01,6.5134280e-02,1.4080438e-01,2.1662660e-01,1.5481099e-01,-3.0815140e-01,-2.4699387e-01,5.8060587e-02
2.8819023e-01,-1.5691503e-01,1.8015194e-03,1.2971233e-01,3.2308714e-01,2.3623854e-01,-1.4423560e-01,5.8920840e-02,-3.1347405e-02,-1.2513360e-01,-6.7988059e-02
1.6738453e-01,2.2309180e-01,2.7628677e-01,1.8687668e-01,3.7244250e-01,1.3820456e-01,-1.4625420e-01,3.0425909e-01,1.6711750e-01,1.6456863e-01,3.6808152e-01
-2.4396658e-02,-6.5755789e-02,-2.7362572e-03,2.9314474e-01,7.9721443e-02,2.8427228e-02,2.9565560e-01,3.0317908e-01,-1.4439576e-01,1.4745417e-01,-1.8774058e-01
-1.6497186e-01,1.0290498e-01,-1.6294668e-01,-5.1129674e-01,3.4965027e-02,5.3598300e-02,4.8975522e-02,1.9066961e-01,-2.4067942e-01,2.6689149e-01,-1.9653786e-01
2.0167410e-01,2.7114482e-01,7.6849558e-02,-2.7328680e-01,-2.6826786e-01,8.9017452e-02,-4.4417338e-02,2.3942566e-01,1.9821045e-01,-3.9470336e-02,-6.0900163e-04
-2.6294382e-01,-2.1621442e-01,1.3457281e-01,8.7190622e-02,1.7142152e-01,-8.5970817e-02,-1.7148981e-01,-1.9117067e-01,4.7805461e-02,1.2982340e-01,1.0694694e-02
2.1275738e-01,-1.3675279e-01,1.6537194e-01,1.6430369e-01,-5.5960529e-02,2.2759947e-01,-5.9827777e-02,2.2932908e-01,-6.8785320e-02,-2.0956958e-01,1.6232202e-01
6.0917715e-02,2.1325876e-01,-2.1674245e-01,-2.0216728e-01,2.5304175e-01,-2.3448531e-01,1.7707729e-01,9.2837021e-02,-8.9657327e-02,1.5120617e-01,-2.8675069e-01
2.3885160e-01,4.5717833e-02,-2.3285730e-01,-1.7693021e-01,-3.1224167e-01,-6.3681836e-02,-7.6677190e-02,-4.2428894e-02,-7.9762336e-02,-2.9062443e-01,-6.9057272e-02
-1.9876063e-01,1.2454082e-01,-1.1122609e-01,1.3434274e-01,-8.5522181e-02,4.5364848e-02,-2.5392033e-02,-9.0493069e-02,-1.6272578e-01,1.2022398e-01,-1.0907250e-01
-4.3917349e-02,1.5578454e-01,1.7888344e-01,3.6331563e-01,-1.7328012e-01,-4.3687556e-02,-7.4180480e-02,-1.3259295e-01,2.7567182e-01,2.4566119e-01,-2.5895634e-01
-1.1300700e-01,6.9048300e-02,9.6956142e-02,-2.1800668e-01,-2.5935318e-02,2.8566402e-01,3.9979769e-02,2.5728659e-01,3.0362891e-01,-2.1469164e-01,-1.4996916e-01
-7.4809015e-02,1.4984785e-01,-1.0494175e-01,-3.7025240e-02,-2.9261243e-01,-7.9689711e-02,-2.0907552e-01,1.9190066e-01,-2.4916365e-01,-6.3908655e-02,1.4473093e-01
1.3484986e-01,-2.6514353e-01,4.5131338e-02,-6.8122779e-02,2.7815205e-01,-5.3322488e-03,2.0647663e-01,2.5818825e-01,-9.3675687e-03,1.2256081e-01,1.7602513e-01
-2.1462501e-01,1.5295131e-02,1.9651312e-01,2.6867314e-01,3.6792120e-01,1.0630852e-01,1.7476363e-01,2.1009130e-01,1.1235204e-01,3.9813053e-02,-1.5166510e-01
2.3478280e-01,-6.1404145e-02,1.2293274e-01,-1.7706190e-01,1.7550543e-01,-9.9137140e-02,-1.9786957e-02,-1.0013898e-01,-2.6743811e-01,2.5282638e-01,-2.5802653e-01
-2.7291592e-01,8.2145175e-02,2.0711177e-01,-2.8529273e-01,-7.9935999e-02,1.1910998e-01,1.4798733e-01,7.0855152e-03,4.7980727e-02,2.0257988e-02,-1.3890396e-01
2.0564415e-01,-7.4711025e-02,2.0087015e-01,-7.1371126e-02,-5.8485434e-02,7.0588014e-02,2.4586285e-01,-2.9379704e-01,2.7516619e-01,-1.0511976e-01,2.2797048e-01
1.7490316e-01,7.5050160e-02,-1.0779383e-01,3.9308970e-01,-1.6624569e-01,1.2551797e-01,2.6228823e-01,-2.6614491e-01,2.7855436e-02,3.0427145e-01,1.6117557e-01
-1.3435731e-01,1.6799251e-01,-1.3406298e-01,-2.7819206e-01,-9.1875309e-02,-1.3396386e-01,-1.8375050e-01,1.1579224e-02,2.9540021e-01,-2.8306537e-01,2.9944817e-01
-6.4608152e-02,-1.0239476e-01,-2.2159152e-01,1.4671340e-02,-2.0190520e-01,2.4540856e-01,1.0896711e-01,2.4856532e-01,1.5428510e-01,2.0906716e-01,8.5947789e-02
5.3593288e-02,5.6450209e-02,-3.0440046e-02,1.4625891e-01,9.9149730e-02,-1.1978320e-01,-1.1048517e-01,-2.5731573e-01,5.3544700e-02,-2.2050747e-02,-1.3904426e-02
5.4937089e-02,-1.4570856e-01,3.7937139e-02,-3.9509260e-01,-2.0537091e-01,1.1112310e-01,7.2424797e-02,3.0738597e-02,-7.5198612e-02,-1.3851014e-02,1.0523526e-01
6.6641616e-02,1.5117734e-01,-3.7184580e-02,-2.0066197e-01,-3.5348224e-01,1.7745043e-01,-2.5011445e-02,-2.5648241e-03,-1.4288125e-01,-2.8299591e-01,-3.9570056e-02
2.0646425e-01,-1.9602131e-01,1.1700472e-02,-4.6360492e-01,9.2507728e-02,1.5501205e-01,2.1104140e-01,-5.4811215e-02,3.3100254e-02,2.0217452e-01,-1.3399636e-01
-1.8671902e-01,1.0413126e-01,-4.9968435e-03,-1.5433825e-02,1.2537566e-01,-1.2535522e-02,8.6222206e-02,3.2707185e-02,1.1224799e-01,4.6602621e-02,3.6579039e-01

2.6039586e-01,-1.0663440e-01,-2.1449502e-01,2.0501717e-02,2.5646651e-01,1.6121455e-02,1.1040878e-01,1.6874934e-01,9.0776073e-02,2.0178331e-01,9.3671886e-02,2.1212097e-01,3.7859714e-02,1.5924793e-01,2.2687346e-01,-1.7628678e-01,-3.0955256e-01,2.7423113e-02,1.4969506e-01,-2.2061598e-02,1.7016970e-01,-2.6776414e-01,-8.4507823e-03,-2.0909897e-02,1.4293220e-01,2.9608711e-02,-4.2068637e-02,-2.7164051e-01,-1.4259282e-01,-2.8234981e-01,-1.6919402e-01,1.8493389e-01,4.3566052e-02,-2.6247837e-01,3.9548797e-02,2.0979497e-01,-5.8285673e-03,2.0591016e-01,2.8414641e-01,-3.1277431e-01,-2.8252326e-01,-4.8629607e-02,-1.3711421e-01,2.2333696e-01,-2.8109604e-02,-1.7110828e-01,-1.1055476e-02,1.1900764e-01,1.5088907e-01,-2.1904175e-02

-2.5616782e-02,-4.5177053e-02,-1.2638996e-01,3.2217164e-02,9.4676421e-02,-1.8015611e-03,4.9157463e-02,1.9981707e-02,2.6317740e-02,5.3970877e-02,-6.8388867e-03,-9.3358234e-03,-5.0505286e-02,-2.2883620e-02,1.2839842e-01,-6.4096551e-02,1.2560589e-01,4.0784658e-03,7.3077258e-02,-5.7639562e-02,8.7160879e-02,-5.7142626e-02,-1.7059983e-02,-1.0601827e-01,-8.7514044e-02,5.0172372e-02,1.8951082e-02,4.0668438e-02,-5.5240005e-04,2.4482902e-02,-1.2798774e-01,1.3674912e-01,1.0705356e-01,-7.6547638e-02,-4.2921946e-02,-8.9545479e-02,1.0488473e-01,-2.5624992e-02,-1.0193921e-01,5.4030615e-02,1.0001969e-01,1.2392891e-01,-1.4039805e-01,5.5258511e-02,-3.4339439e-02,7.7045803e-02,1.0132476e-02,-1.0959247e-01,-4.5657221e-02,-6.8189749e-03
-1.0478767e-01,5.7823354e-02,1.0344895e-01,-4.6421156e-03,-1.7713990e-01,6.2330354e-02,-5.1080392e-02,-1.2022843e-01,-4.8809477e-03,1.1665203e-01,-8.0539308e-02,4.1327407e-04,1.2572122e-01,-4.3996242e-02,1.7864614e-02,1.1008834e-01,-2.5130843e-02,-5.2612364e-02,-1.4840001e-02,2.3710055e-02,6.1731428e-02,-1.2390585e-01,4.9957394e-02,1.0624282e-01,-2.3975702e-03,1.4193886e-01,5.2614987e-02,-3.9346899e-02,-7.0829157e-02,2.4408335e-02,-1.3932155e-01,1.0078064e-01,6.7929644e-02,-9.3255117e-02,1.0981414e-01,5.8702622e-02,-1.3570460e-01,-3.3250483e-02,-3.5508090e-02,-6.4219644e-02,-1.2848764e-01,-7.8882096e-02,-6.7362374e-02,5.4156401e-02,-1.0175028e-02,-3.8909143e-02,6.0076262e-02,-2.0548485e-02,-9.5162598e-02,9.5593386e-02
-1.0528904e-02,-9.6262624e-02,-1.2078274e-01,6.9315410e-02,1.1774514e-01,-8.5887097e-02,-6.1084577e-02,2.7094144e-02,-6.8863885e-02,-1.0879160e-01,-1.7781965e-02,1.0760174e-02,-1.9533623e-02,8.8141073e-02,2.0597394e-02,-1.0505241e-01,-9.1515924e-02,7.8906110e-02,5.6894115e-02,-6.1587444e-02,6.8354938e-04,-1.1431495e-01,1.2736032e-01,-3.8131633e-02,3.4371743e-02,9.9963660e-02,-1.2033974e-01,-9.5165412e-02,1.1985735e-01,5.7761683e-02,-1.4072576e-01,-8.5520512e-02,-5.6955092e-02,1.1466696e-01,1.0282343e-01,-5.9469631e-02,1.2492438e-01,4.2327742e-02,-1.4542623e-01,5.2656018e-02,7.8838095e-02,-8.1870861e-02,1.4133595e-01,-1.3743095e-01,1.8162409e-02,-4.6112813e-03,-1.1008588e-01,-1.3707629e-01,-1.1780785e-01,-8.8158943e-02
-1.7593321e-02,-4.0498577e-02,-2.0325144e-01,-9.2731308e-02,1.2501390e-01,-1.4285241e-01,-1.1147588e-01,6.7441645e-02,-1.0305583e-01,-1.1394924e-01,8.6050267e-02,1.1326616e-01,7.3064363e-02,-5.7314999e-02,1.4051904e-01,-6.0216243e-02,-9.8273407e-02,-1.0062841e-01,5.5658434e-02,-4.4440766e-02,9.2896658e-02,-1.4856404e-01,6.9929127e-03,-7.3375439e-02,-1.1789167e-01,-1.4890806e-01,-8.1438902e-03,-7.3756852e-02,-6.3698144e-02,-9.1520356e-02,1.3861775e-01,1.4371836e-01,-3.3405891e-02,5.5322228e-03,3.9595851e-02,-1.4041971e-01,6.1578565e-02,-6.4316839e-02,5.9318552e-02,5.3846749e-02,3.5359661e-02,-4.3995771e-02,2.9094117e-02,-9.4070482e-03,6.9856273e-02,-1.3763616e-02,-8.1887244e-02,-4.8256495e-02,1.2390785e-01,-4.7952737e-02
-2.2617562e-02,-1.0214434e-01,7.4286188e-02,1.4594759e-01,-7.2628080e-02,-3.2755395e-02,-5.6443510e-02,5.0437468e-02,-7.5957624e-02,-1.1338681e-01,-1.7565630e-02,1.0993105e-01,-1.1709615e-01,1.0445114e-01,8.9092624e-02,5.7707345e-02,-5.5337209e-02,3.6554484e-03,2.7274816e-02,1.4277410e-01,4.6715102e-02,6.9739094e-02,-1.3120220e-01,-1.3092251e-01,5.7935858e-03,5.1573262e-02,1.2456127e-01,-4.0326873e-02,-4.4476582e-02,-1.0409860e-01,-4.0918931e-02,-1.1627099e-02,-3.7603089e-02,-2.6556890e-02,9.5208800e-02,-1.3451472e-01,-6.8266802e-02,1.1600554e-01,7.3347071e-02,1.2236609e-01,-1.0581521e-01,1.2247738e-01,1.0743096e-01,4.2183717e-02,1.5574710e-01,-9.0605938e-02,1.0829734e-02,-4.7706213e-02,4.0931291e-02,1.2448029e-01
-9.7904500e-02,-1.1736580e-01,-8.6527507e-03,-2.0600851e-02,9.1102810e-02,1.0105664e-01,6.7544902e-02,3.1059808e-02,1.1381741e-01,1.6032042e-01,-4.4974967e-02,1.1548800e-01,-2.7421502e-02,3.2563098e-02,-8.4648195e-02,1.2262276e-01,-3.3384222e-02,-1.0692512e-01,-1.0171298e-01,-8.3528119e-02,4.0518381e-02,-4.8276585e-02,4.7284888e-02,-9.0677903e-04,-9.9340225e-02,1.3161627e-01,3.9383109e-02,-5.4056569e-02,-5.5549563e-02,-1.2053638e-02,8.7938001e-02,-1.1373104e-01,2.5133287e-02,9.8867366e-02,-5.3503239e-02,3.0102588e-02,5.5063366e-03,-1.0241651e-01,-6.0444490e-02,-1.3052702e-01,8.6665649e-02,1.1196336e-01,1.4645101e-01,-3.8608018e-02,1.4982036e-01,1.1221047e-01,1.0338174e-01,9.5022427e-02,8.0775076e-02,-3.2334473e-02
-1.5187253e-02,9.9892695e-02,-1.6503693e-02,-1.1804329e-01,-1.4361393e-01,-3.0430514e-02,2.0028198e-02,-7.4953888e-02,8.3840879e-02,1.1202994e-01,-8.8578123e-02,-1.0291140e-01,4.9231782e-03,-9.5418234e-02,-1.0339746e-01,1.3353698e-01,-1.4989185e-02,-2.3431838e-02,4.2285843e-02,-1.2335917e-01,-3.2514790e-02,1.2498475e-01,8.3669287e-03,-1.3393324e-02,1.1679524e-01,1.0114379e-01,-9.3628280e-03,-2.3795999e-02,8.7262854e-03,3.1126343e-02,-2.4597345e-02,2.0453780e-03,-9.0494371e-02,7.0324110e-02,-1.3195523e-01,-1.5536411e-01,-1.3580695e-01,-1.1822885e-01,-9.3052641e-02,1.0545673e-01,-1.2342480e-01,-1.3888769e-01,6.6768459e-02,-6.2707659e-02,5.0147759e-02,9.9048493e-03,-4.8117180e-02,-6.6528505e-02,-1.2577019e-02,-1.1879162e-01
-3.2853753e-02,4.3706270e-03,7.9739070e-02,-1.3868771e-01,3.1951494e-02,1.3060696e-01,8.6408459e-02,-7.9619081e-02,-9.3466735e-02,1.3654005e-01,3.1617726e-02,-1.0314524e-01,1.5574765e-02,8.7450361e-02,2.0393263e-02,-5.6746074e-02,7.5995452e-02,-5.3258877e-02,-8.1250261e-03,-7.8989275e-02,-4.1244752e-02,-1.3384297e-01,1.2451097e-01,1.2566058e-01,1.3679503e-02,1.5548669e-02,7.5580575e-02,-6.9957636e-02,-7.0514015e-02,1.2572974e-01,9.5028584e-02,-5.3243571e-02,1.3223739e-01,1.1452368e-01,5.2093186e-02,-3.3719830e-02,1.3035129e-02,2.4811799e-02,2.1786005e-02,-6.5729701e-02,8.8065417e-02,2.8789908e-02,-1.1197652e-01,-1.9205824e-02,-1.3323429e-01,7.8515947e-02,1.3160674e-01,1.3801212e-02,-5.1895243e-03,-8.3488205e-05
-7.7667246e-02,-3.7098582e-02,7.4750410e-02,-4.7401541e-02,-9.2593053e-02,9.9408169e-02,8.2327610e-02,-1.9741780e-02,4.7354486e-02,-3.0663131e-02,1.2364433e-01,7.9067899e-02,-5.2824345e-02,-7.4510183e-02,5.1190994e-02,2.9440455e-02,1.6449726e-02,-4.6004638e-02,8.4187176e-02,-8.4228495e-02,-4.4107340e-02,9.0644210e-02,4.6973283e-02,6.6169896e-02,8.4285199e-02,-1.3155269e-01,1.5645120e-01,-1.3798900e-01,-7.6226746e-02,-4.8561066e-02,-1.7686361e-02,-6.9137437e-02,8.6552494e-02,-9.1550473e-02,-4.4339632e-02,8.2019084e-02,4.3543034e-02,5.2675986e-02,3.3157166e-02,8.1099234e-03,-1.0225782e-01,-4.4348461e-02,1.3681609e-01,-6.0827971e-03,1.0327914e-01,2.2860307e-02,-1.5665966e-01,1.0229519e-01,-3.9246056e-02,2.7657942e-02
6.9982451e-02,-2.5809424e-02,8.6456364e-02,3.4598426e-02,-1.3329483e-03,8.3454394e-02,-3.3520072e-02,1.6031232e-01,4.2998606e-02,-1.3874005e-01,1.3607335e-01,1.3024530e-03,1.2651153e-01,-3.8239658e-02,5.9382930e-03,5.7696314e-02,-8.7791782e-02,1.2798885e-01,-1.0637883e-02,8.8999881e-02,2.9292716e-02,3.1603147e-02,-7.8466427e-02,1.0223494e-01,7.7809478e-02,-3.4277459e-02,1.3558894e-01,1.0671150e-02,-8.1093002e-02,-5.6357358e-02,2.5439109e-03,-7.0168623e-02,1.0356662e-01,5.3315603e-02,-1.2420817e-01,9.2673420e-02,1.6192107e-02,1.0018389e-01,1.1878511e-01,9.6580750e-02,9.1445935e-02,-1.1099142e-02,1.0504386e-01,-1.3258608e-01,-2.7837090e-03,8.4712001e-02,-6.9021845e-02,-9.8348239e-02,-7.5482232e-03,-4.5691849e-02
-1.2569414e-02,5.2264390e-02,4.7113765e-02,3.9472495e-02,6.4907425e-02,-8.8959288e-02,6.8765793e-02,-5.3295910e-02,-1.0255239e-01,4.7246278e-02,-1.0171407e-01,-6.4192140e-02,5.1450009e-02,-3.4993713e-02,-9.9253047e-02,-2.9970219e-02,-6.0078995e-02,8.5889614e-02,1.3333940e-01,3.3509734e-02,2.4388593e-02,1.3844337e-02,1.2553702e-01,7.3050883e-02,-1.3310577e-01,1.5973966e-01,-1.1158419e-01,-7.1198325e-02,-6.7494780e-02,-4.2677596e-02,6.3453275e-02,1.0865956e-01,-5.4142295e-02,4.6198036e-02,8.6624234e-02,-4.1899502e-02,-4.4675512e-02,3.3713066e-02,6.0088333e-02,7.1267127e-03,7.9484096e-03,-1.5172308e-01,-3.8817528e-02,-2.8071694e-04,1.2790656e-01,9.1770691e-02,-8.7648910e-02,-7.0619088e-02,-6.2091228e-02,-4.5343055e-02
-1.0683363e-01,4.6342834e-03,-8.7675501e-02,-6.8685204e-02,-4.0497338e-02,8.8124052e-03,-4.7577338e-02,1.0878297e-01,-6.3322721e-02,1.1665971e-01,1.3439290e-01,1.0183940e-01,9.2902526e-02,-1.2146434e-01,-1.1412281e-01,1.1624867e-01,1.2200224e-01,6.0763504e-02,4.0404979e-02,-1.1875292e-01,-2.7631362e-02,-1.2787281e-01,2.1776664e-02,-5.3063902e-02,3.8598390e-02,-7.4264950e-02,1.1878470e-01,-1.0755292e-01,9.2712216e-02,-2.8723284e-02,-6.8515748e-02,6.9263349e-02,1.1208433e-01,-8.2814687e-02,1.7270475e-02,-3.3768526e-04,1.2308217e-01,7.0081833e-02,-1.2798003e-02,-1.0172940e-01,-2.9986835e-03,-2.6908406e-02,1.3005241e-01,8.6612247e-02,1.0617505e-01,5.1091546e-03,2.0323739e-02,-1.0887515e-01,8.1408069e-02,-5.9001445e-02
-5.0864908e-02,-2.4111360e-02,-1.4787980e-01,6.2678868e-02,3.9969352e-02,-1.0180219e-01,-5.3910090e-02,9.3725336e-02,1.5227367e-02,1.1839668e-01,4.4656841e-02,-3.6629610e-03,-3.3040539e-02,3.0091482e-02,-1.9308480e-02,-5.7644125e-02,-1.1435624e-01,-5.3808809e-02,-1.4603182e-01,2.8575483e-02,-3.3795000e-02,-1.3830929e-01,-4.1351323e-02,8.4627953e-02,7.5689321e-02,-5.8683007e-02,-1.3268762e-01,1.2561690e-01,8.1573440e-03,-9.4944160e-02,1.1410474e-01,1.4044122e-01,1.1385635e-01,-4.1786190e-02,-9.2141257e-02,2.1361996e-02,9.2965063e-02,6.8330426e-02,-5.8526071e-02,-9.4923290e-03,3.5402264e-02,9.2595581e-02,5.1952266e-03,3.8034095e-02,-4.1139775e-02,1.7566173e-02,6.4324397e-02,1.0189571e-01,1.2766608e-01,1.3104755e-01
-1.3756931e-01,1.2217694e-01,-7.7014861e-02,1.3654017e-01,-1.0429406e-01,-8.3226103e-02,7.3969804e-02,-1.3865706e-01,-9.4961406e-02,-3.7076569e-02,5.2253761e-02,2.1384515e-02,-1.4506789e-01,-2.2738219e-02,8.0583374e-02,-4.8753719e-02,7.3675788e-02,3.1790398e-02,3.2779733e-02,1.2537051e-01,-5.6386855e-02,3.8751942e-02,1.2344046e-01,5.1388982e-02,5.6257590e-02,5.9708380e-02,6.6829844e-02,1.5998179e-02,1.3315107e-01,-3.9730443e-02,-1.1905662e-01,1.2810752e-01,-7.9116621e-02,9.9240325e-02,9.7934680e-02,-1.5534539e-02,-9.3513580e-02,1.2552385e-01,-4.9856122e-02,-8.8483610e-02,7.0045411e-02,9.0693157e-02,1.3115326e-02,3.5577573e-02,2.5326524e-02,8.3362250e-02,-1.9026835e-02,4.8270804e-02,-1.5544478e-02,-3.7388625e-02
-4.3443997e-02,1.4241292e-01,7.0344906e-02,3.1599364e-02,-4.6572439e-02,-8.6031804e-03,-3.5915984e-02,-8.8929488e-02,8.4622811e-02,-3.5437033e-02,3.0423758e-02,-3.7437378e-02,-2.6373543e-02,-9.9629597e-02,1.0650972e-01,9.8519376e-02,-1.0812538e-01,-5.0604181e-02,7.2207114e-02,2.6948161e-02,-2.9281770e-02,1.2142750e-01,2.3483106e-02,1.0844277e-01,-1.1574958e-01,-1.3661001e-01,-1.6615936e-02,1.2191934e-01,2.9787881e-02,-6.9676349e-02,5.4234505e-03,2.6345308e-02,1.5459774e-01,-1.0729282e-01,4.5390600e-02,-6.9935223e-02,-8.9823924e-02,1.2653009e-01,-9.8138191e-02,4.8748657e-02,-4.7975991e-02,2.4741717e-02,-1.3586084e-01,1.2402383e-01,-4.6714113e-02,9.3102643e-02,9.0338220e-02,-1.1999084e-01,-2.5305071e-02,6.3752620e-03
-7.0742984e-02,-9.7542520e-02,2.7870746e-02,1.7406946e-02,-1.4296928e-02,4.4599414e-02,-1.3305438e-01,9.2842598e-02,1.0538512e-01,8.8283879e-02,7.5575855e-02,6.6025000e-02,5.1307266e-02,-3.7329232e-02,-1.3265484e-01,-6.5802000e-02,6.0397619e-02,-7.6445932e-02,8.3130380e-02,-1.3362277e-01,-1.3224991e-01,6.4087099e-02,5.5362667e-02,5.7378421e-02,-1.3260462e-01,-5.7639078e-02,2.9876200e-03,5.8019827e-02,-1.4169276e-01,1.4776813e-02,1.2469998e-01,6.9461053e-02,-6.7263796e-02,4.2167864e-03,2.3410086e-02,-3.2864776e-02,6.4940997e-02,6.5403247e-03,-1.1581355e-01,-4.3701889e-02,-9.3106582e-02,2.2395930e-02,-5.2299003e-02,5.4601148e-02,-1.1806565e-01,-1.1000697e-01,1.2938319e-01,-1.3212270e-01,-9.7649052e-02,-1.0218298e-01
6.4648201e-02,7.9026090e-02,7.6888475e-02,1.0603754e-01,5.0172872e-02,-1.2944301e-01,1.3180684e-01,-8.0851803e-02,-1.1308159e-02,-9.9997458e-02,7.7896482e-02,5.2228961e-03,-8.5822696e-02,-3.7962650e-02,-9.7755226e-02,2.1730209e-02,1.4987413e-02,-4.2869073e-02,-7.9101059e-02,2.4149440e-02,1.1519759e-01,-6.0441489e-02,-9.0884093e-02,-4.4847734e-02,9.4339788e-02,-1.2570297e-02,-8.5953159e-02,-1.1252523e-02,1.5943579e-01,7.5996524e-02,-5.8736792e-02,-9.9940173e-02,-9.3443984e-02,4.0390755e-02,5.5400416e-02,-7.6501095e-02,-7.3770580e-02,-4.3885106e-02,1.1005538e-01,-2.4759057e-02,-8.2842769e-02,-1.5101579e-02,-9.9355887e-02,2.2440460e-02,1.1925255e-01,-9.6110380e-02,-7.3158507e-02,1.1847595e-01,9.8100616e-02,8.2063813e-02
-1.1804455e-02,-6.2357840e-02,-1.0581989e-01,7.2396416e-02,3.4496658e-02,-1.2129708e-01,1.4457328e-01,-6.5212477e-02,3.5280548e-02,-5.6595412e-03,-8.2701688e-03,-9.2019928e-02,1.6520167e-02,-3.7084412e-02,1.4825665e-01,-7.3639495e-02,-1.0036079e-02,5.0134127e-02,1.3205957e-02,-6.3270069e-02,7.9878894e-02,-8.8836570e-02,9.3902899e-02,4.4962197e-02,-1.0057770e-01,-3.9441736e-02,1.0558046e-01,1.4441290e-01,-7.5689352e-02,8.7900296e-02,8.7925325e-02,7.2709391e-03,-5.7416530e-02,-7.1667199e-02,1.1715587e-01,3.2730060e-02,4.5523879e-02,-4.3133371e-02,2.8440258e-02,-6.6019989e-02,5.4551803e-02,6.9425920e-02,-1.3016596e-01,4.9319630e-02,1.3553819e-01,-7.5639120e-02,-1.3698894e-01,-4.0457152e-02,3.2977968e-05,-7.6952018e-02
4.0028182e-02,-5.0091157e-02,-4.0724540e-02,-1.3399428e-02,8.3165419e-02,1.1094078e-01,-1.1074047e-01,-4.9762773e-02,1.6013314e-02,-8.5236934e-02,1.2152508e-01,-1.5131369e-02,-1.2521722e-01,2.5512001e-02,4.3588342e-02,-5.0174576e-02,-1.3995068e-01,-3.6475703e-02,7.7410859e-02,-9.7682853e-02,6.7876120e-02,-1.1040670e-01,4.2292306e-02,1.2431267e-01,5.4638833e-03,-5.7531093e-02,-2.7235965e-02,7.9445778e-02,1.0737421e-02,-1.3140600e-02,9.6992126e-02,4.4929921e-02,1.0143623e-01,1.4588186e-01,6.6747514e-02,1.1740628e-01,9.0029988e-02,1.1920813e-01,1.1564199e-02,-2.5669560e-02,1.1218747e-01,-1.3010538e-01,-4.0927539e-02,5.3202081e-02,-7.2807031e-02,-1.2264916e-01,-8.2653554e-02,-2.4722435e-05,8.1533687e-02,-2.4016102e-03
9.1232711e-02,-9.3460430e-02,-2.2567110e-02,2.4065513e-03,-1.0939335e-01,-1.0452088e-01,1.0687957e-01,6.8880242e-02,5.0389421e-02,4.7500844e-02,-4.1788573e-03,-4.8844591e-02,-9.6158925e-02,-3.7256264e-02,1.1476640e-01,4.9423273e-02,3.5571351e-02,7.4854099e-02,2.9903667e-02,-8.3498412e-02,-8.6165138e-02,-9.2453262e-02,-1.0100609e-01,7.8055580e-02,8.8028018e-02,-8.2466112e-02,-9.9928721e-02,6.2415471e-02,1.1836341e-01,8.5591811e-02,1.4641106e-02,7.0255626e-02,-7.7841691e-02,1.5262066e-01,7.6923311e-02,-6.8043564e-02,1.9143316e-02,1.1832887e-01,-7.7139427e-02,-5.2100817e-02,7.5993614e-02,1.6788732e-02,-7.2097973e-02,-2.2683651e-02,-1.3712168e-01,-7.0127703e-02,3.8359274e-02,-2.9785393e-02,8.5747020e-03,-1.8952918e-03
6.2702508e-02,4.3060605e-02,-6.0812830e-02,-1.1330739e-02,-5.0416944e-02,1.0854861e-01,-1.1800409e-01,9.1863905e-02,-3.8260464e-02,-1.3340515e-03,2.1311417e-02,3.0526801e-02,-1.9038127e-02,7.2666032e-02,-8.1152411e-03,-1.2257077e-01,-1.1337365e-01,9.8420088e-03,-4.1402427e-02,6.5594290e-02,-1.1140404e-01,1.0214331e-01,-7.0277426e-02,-1.7650422e-02,1.0087791e-01,5.5716827e-02,9.8958416e-02,-3.0242424e-02,1.4158033e-01,4.1079685e-02,-8.1905348e-02,7.1246660e-02,-1.0754009e-01,-8.9215205e-02,7.2512307e-02,1.4834814e-01,3.9179402e-02,5.1946153e-03,5.9530630e-02,9.6311915e-02,1.4712084e-01,-6.0189342e-04,1.1555759e-01,1.0415303e-01,1.2839913e-01,7.8477835e-03,-1.9156121e-02,-2.1216199e-02,-1.8685525e-02,6.3082432e-02
-7.7757059e-02,-1.1890968e-01,-9.4780373e-02,-7.1315113e-02,6.9903885e-02,1.6529655e-02,3.9397040e-02,-1.9227482e-02,-7.9046319e-02,1.0674242e-01,-6.0695235e-02,7.3118531e-03,1.1786803e-01,-3.5935110e-02,5.3355630e-02,6.5341878e-02,4.5370845e-02,9.3191047e-02,2.8296525e-02,1.4892421e-03,-9.5029861e-03,-3.5168851e-02,-1.0594978e-01,-1.1707401e-02,-9.9627028e-02,7.8287969e-02,-4.3093549e-02,1.2899541e-01,1.2635482e-01,-2.1592259e-02,1.2783096e-01,-9.2816271e-02,-2.5523249e-02,9.7667341e-02,3.5946305e-02,-4.5844218e-02,6.7514945e-02,-7.9045324e-02,-1.1236489e-01,-9.2735248e-02,8.1068567e-02,2.1515745e-02,7.7929053e-04,-6.3340571e-02,-6.9708607e-02,-6.6671358e-02,-2.9743360e-02,-3.6494303e-02,8.6918365e-02,1.2563397e-01
-1.4532739e-01,7.7673422e-02,-1.3958369e-01,-1.4296513e-01,3.9907012e-02,-1.3406069e-01,2.3341753e-03,4.4884074e-02,-1.2006546e-01,9.6790355e-02,5.0262916e-02,1.2027171e-01,-1.5238088e-01,-1.3641351e-01,1.3923019e-02,1.2208293e-01,-4.0902446e-02,1.2053041e-01,5.2913323e-02,8.7276904e-02,6.5094399e-02,4.3728345e-02,2.2998195e-02,-4.4971217e-02,6.5057534e-02,5.6832944e-02,-5.1378407e-02,-5.4730316e-02,1.6406387e-02,1.3274968e-01,-1.2708494e-01,-1.5254372e-01,-4.0371090e-02,-2.3916230e-02,-3.2426646e-02,-2.9233836e-02,7.0667163e-02,-1.1967864e-01,1.1663278e-01,-4.3443736e-03,6.4201682e-02,-1.4343003e-02,8.3157381e-02,-1.8739656e-02,-9.5265068e-02,-5.4480181e-02,-1.0767747e-01,5.1583071e-02,-2.0653338e-02,-5.3728694e-03
-9.7990711e-02,-7.1890346e-02,4.2994851e-03,5.7559906e-02,9.2762577e-02,-5.7411627e-02,-1.0139905e-01,-1.1157280e-01,-1.3847024e-01,-7.9241442e-03,-3.7247275e-02,1.4062896e-02,1.4088155e-01,-1.3302083e-02,-9.3442775e-02,6.9662278e-02,-1.2827124e-01,-3.2768328e-02,5.5296904e-04,1.3838390e-01,-1.7191416e-02,2.5532697e-03,9.2475619e-02,-2.5442246e-02,6.2966074e-02,8.0952703e-03,4.2270463e-02,-1.2931513e-01,1.7575345e-02,1.1379465e-01,2.5851207e-02,-1.1178661e-01,8.1691564e-03,-4.3909000e-02,-1.1798298e-02,-8.8890071e-02,3.4930988e-03,-3.7668335e-02,-8.8702019e-02,-9.4250914e-02,7.7458645e-02,-8.1252172e-02,-7.3092301e-02,1.1890610e-01,-3.8662883e-02,1.5684926e-02,9.9601473e-02,8.6038389e-02,-1.1223182e-01,1.1108036e-01
-1.2032761e-01,1.1862546e-01,-7.9822524e-02,1.9583954e-02,5.4034296e-02,8.0963888e-02,-1.4161343e-02,-2.5249687e-02,8.9877952e-02,6.2320399e-02,-7.3507587e-02,-1.0857222e-01,5.9158054e-02,6.9660171e-03,6.1760191e-02,9.5052157e-02,1.5326793e-01,-1.1824010e-01,-1.2835096e-01,1.5811590e-01,1.5528431e-01,-3.6801044e-02,-1.9060039e-02,3.5689074e-02,6.5262373e-03,4.7338860e-02,-2.7754362e-02,9.0378361e-02,-1.9309796e-02,-8.2545012e-02,2.1095369e-02,4.0531734e-02,4.6653361e-02,2.0635713e-03,6.3534755e-02,2.2253794e-02,1.8027218e-02,1.3603008e-01,-6.8553199e-02,-1.0557810e-01,5.6559875e-02,-8.7045336e-02,-2.8877356e-02,4.4247919e-02,9.6039261e-02,-8.8203887e-02,-6.2768327e-02,-9.6870811e-02,1.1953128e-01,6.7476607e-02
1.2219684e-02,1.1211826e-01,-1.9083828e-02,1.6721853e-02,-8.8440388e-02,-8.4694683e-02,-1.2404701e-01,3.0017496e-03,1.1229072e-01,1.6882184e-02,1.0945887e-01,-1.9223318e-02,-1.1276812e-01,6.9380212e-02,-1.3567787e-01,1.5488366e-01,-9.3928062e-02,-5.8128901e-02,1.0823821e-01,-9.3949222e-02,1.0903371e-01,9.1689389e-02,-5.0569905e-02,1.8899720e-02,8.3464364e-02,9.3103460e-02,1.0844974e-01,2.7688802e-02,3.1726967e-02,7.4807698e-03,-7.1773196e-02,-1.1712398e-01,-5.3904735e-03,3.2494775e-02,9.0812218e-02,9.6575373e-02,9.6015687e-02,-1.4244833e-01,4.6626123e-02,1.0951934e-01,1.1659529e-01,-6.2962305e-02,1.5860348e-01,9.9904995e-02,-5.4603302e-02,-4.9690975e-02,9.9582253e-02,-4.1196192e-02,1.3451087e-02,6.3999359e-02
1.0917131e-02,-2.6172263e-02,1.3144461e-01,7.6011210e-02,-1.1115778e-01,-1.1694574e-01,7.1292493e-02,1.2196054e-01,1.2225883e-01,1.3841549e-01,4.9746990e-02,-1.1724198e-01,1.2843613e-01,-2.1551603e-02,-1.2440452e-01,-3.0690671e-02,-6.1373811e-02,-3.2968218e-02,9.2365404e-03,8.6640131e-02,-3.2352644e-02,7.9517777e-02,6.2256162e-02,1.2257397e-02,8.3118344e-02,-2.9922740e-02,-5.1704610e-02,6.5905550e-02,9.6165279e-02,3.2965197e-02,-1.3546163e-01,-6.7154403e-02,6.8767792e-02,1.8464282e-02,1.7450187e-02,6.5003819e-02,1.5497406e-01,-3.1436969e-03,-3.8061854e-02,1.1828502e-01,1.2167876e-01,3.6375274e-02,-7.7540181e-02,8.1417849e-02,2.3155853e-02,-1.7054073e-02,2.9017217e-02,-3.0307149e-03,1.3608291e-01,-1.0219326e-01
-4.5144982e-02,1.5460691e-01,-1.0239518e-01,-9.0131640e-02,1.3124084e-01,-7.5807955e-02,-1.3456743e-01,1.4987182e-02,-1.3890213e-02,-5.8779512e-02,-6.7382220e-02,-1.0238052e-01,8.5286789e-02,-5.0942279e-02,5.0454379e-02,-3.1463346e-02,-4.5509438e-02,1.2423255e-01,-4.2277125e-02,5.2379091e-02,5.6577964e-02,-1.2603153e-01,-8.7815212e-02,-1.1012081e-01,-8.9367476e-03,6.5017616e-02,4.2418468e-02,1.1863564e-01,2.8054357e-02,-1.1538145e-02,1.0853838e-01,9.2904469e-02,7.8433555e-02,3.7074965e-02,3.6745597e-02,-3.2183922e-02,-5.4071796e-02,7.1535441e-02,3.8343791e-02,1.4869159e-01,-4.7186605e-02,1.1646126e-01,-7.9556906e-02,-1.3636777e-01,6.2089026e-02,5.9844398e-02,3.5085418e-02,7.3470688e-02,4.1885476e-02,4.2532489e-02
6.8638409e-03,1.0138553e-02,9.9741079e-02,5.4844257e-02,-8.0542318e-02,-4.0897543e-03,1.2827612e-01,4.2144935e-02,9.8420360e-02,-5.4651697e-02,-1.3405281e-01,8.5062301e-02,-7.9250967e-03,-2.9370768e-02,-7.2589442e-02,-4.8527925e-02,3.3250024e-02,8.6157544e-02,-8.2227823e-02,-5.0174645e-02,-8.9525612e-02,-1.4978680e-01,-1.1361454e-01,-2.6415903e-02,9.9045370e-02,1.3434014e-01,-9.2804766e-02,8.7338508e-03,1.1170248e-02,-7.1124565e-02,2.5260594e-03,-4.0185988e-02,2.6154208e-02,-1.2589507e-02,-9.2481284e-03,9.0410674e-02,-7.5513557e-02,-5.7214565e-02,8.7268322e-02,-1.3709702e-01,1.4408284e-01,3.5010574e-02,1.0874420e-01,1.0073428e-01,-1.4181346e-02,1.2352090e-01,2.5328999e-02,4.5298036e-02,-6.0575521e-02,-6.5807569e-02
-3.1557813e-02,1.0110480e-01,2.0089705e-02,7.1290228e-02,1.0607170e-01,-8.2015913e-02,-7.4943762e-02,1.6782469e-02,-8.1145540e-04,-4.5692984e-02,1.5641420e-02,1.4320474e-01,1.1250006e-01,9.5385548e-02,-7.4777247e-02,-2.4100863e-02,-1.2510281e-02,-3.9787333e-02,-1.0558418e-02,6.5427625e-03,1.4734813e-01,-1.5530972e-02,-1.2071242e-01,3.7919206e-02,-5.7946251e-02,1.0730496e-01,5.9569324e-02,-6.1892823e-02,4.1488568e-03,3.6785762e-03,8.2135629e-02,1.1709718e-01,1.3797292e-01,5.6916138e-02,2.5937906e-03,-2.1097291e-02,-1.2241007e-01,9.0686452e-03,-1.0270247e-01,2.4583864e-02,-2.4590359e-02,4.0981366e-02,3.6116012e-02,1.5430562e-01,3.8043271e-02,6.2963128e-02,1.2550547e-01,7.8044113e-02,-2.8639683e-02,-4.2144101e-02
1.0768415e-01,-1.0362217e-01,-1.2169716e-01,-6.6430039e-02,9.0449339e-02,-3.5006950e-02,1.0877697e-01,4.8741650e-02,-2.3812418e-02,9.0879024e-02,-6.7847317e-02,-8.2441577e-02,-1.0915614e-01,-3.2967727e-02,-1.3350212e-01,1.1224032e-01,2.7263943e-03,1.0048440e-01,1.2204794e-01,-4.4776649e-02,3.7720753e-02,6.1656859e-02,-9.1434357e-03,-3.8327480e-02,9.8415216e-02,3.8195750e-02,9.9300022e-02,5.9899203e-02,1.2942892e-01,9.2449591e-02,5.4787257e-02,-1.4812571e-02,-3.5309707e-02,-5.9687024e-03,1.3352523e-01,7.4704792e-02,-8.3210304e-02,6.0651346e-02,-1.1854660e-01,2.4192211e-02,1.0230393e-01,1.8786383e-02,1.0785993e-02,-2.4106211e-02,7.1530308e-02,5.4950870e-02,-7.6357190e-02,4.2920461e-03,-1.0657030e-01,1.5651178e-01
1.2202392e-01,-2.1688149e-02,-7.5883432e-02,6.3387255e-03,8.6719103e-02,1.7513642e-02,1.0277826e-01,-1.1138208e-01,3.4708605e-02,1.1605593e-01,8.7069618e-02,-3.8338792e-02,-5.9493205e-02,1.1553015e-01,9.1039416e-02,-2.9433722e-02,1.1835851e-01,1.2348732e-01,1.0931629e-01,-3.9004220e-02,8.6673235e-02,6.1619372e-02,3.0355240e-02,7.5877537e-02,-1.0617802e-01,-3.3464252e-02,1.2983372e-01,-8.8605765e-02,-6.1042950e-02,-3.0072992e-02,6.6249638e-02,1.4657691e-01,3.9767988e-02,-8.5672597e-02,3.1937969e-02,1.4985765e-01,1.2658513e-02,-9.7089022e-02,1.7604425e-02,9.0182279e-02,-8.0137708e-02,-1.2343665e-01,-4.0444770e-03,-8.6956790e-02,-1.2043049e-01,-6.7788445e-02,-4.5290830e-02,1.6801089e-01,1.2733039e-01,-3.1625924e-03
-7.7547205e-02,4.5966724e-03,1.5219452e-01,-8.9063448e-03,1.1196880e-01,1.6312948e-02,1.3886134e-02,1.0626718e-01,-9.0448909e-02,-8.2111675e-02,1.3218590e-01,-8.8694668e-02,7.4133802e-02,1.3306880e-01,-1.6115418e-01,5.8325232e-02,-2.3117950e-02,-4.8501698e-02,-1.9495450e-02,1.5314457e-01,-8.5241916e-02,-1.4437054e-03,1.0636292e-02,8.1953971e-02,-7.5140313e-02,1.0904384e-01,6.2790025e-02,1.2511622e-01,5.8004902e-02,-1.3012174e-01,1.2229734e-01,-9.7318426e-02,-8.8175571e-02,4.2191925e-02,9.5246301e-02,-8.3665744e-02,9.6675776e-02,1.3833503e-01,-1.9729811e-03,4.2920532e-02,-3.7108329e-02,-5.4302440e-02,9.7046422e-02,-8.2892362e-02,1.3244541e-01,-1.0411619e-02,1.0577527e-01,-6.6660692e-02,-4.3284592e-02,-6.3466427e-02
-1.3847698e-01,-1.3135655e-01,-5.1088196e-02,1.2439087e-01,7.3902856e-02,-2.8349233e-02,4.9482899e-02,1.1324531e-01,2.3805964e-02,7.6697757e-02,-2.8753700e-02,1.3347543e-01,-1.0037084e-01,-5.4007373e-02,-7.0271383e-02,-6.2084283e-02,6.0106592e-02,-3.1746687e-02,-9.3970094e-02,1.2458566e-02,-3.7392901e-02,1.4770662e-01,3.2332036e-02,7.7274400e-02,1.3722924e-01,-1.4082936e-01,-9.1329107e-02,-4.0019958e-02,-5.9487083e-02,9.4746534e-02,1.5539401e-01,-1.9334422e-02,1.1261403e-01,-1.2708723e-01,3.0186062e-02,5.9695853e-02,1.0328550e-01,-4.5844347e-02,6.9415978e-02,1.3515947e-01,9.3291396e-02,-3.7772586e-02,3.3083237e-02,-2.1794359e-02,-1.0237190e-01,-1.0806966e-01,7.2334972e-02,-9.1245003e-02,4.4610148e-02,-3.0469852e-02
2.7124128e-02,3.0559235e-02,-6.6839472e-02,-1.1109241e-01,4.3441327e-02,-2.3958110e-02,1.0499105e-01,-8.3484687e-02,-7.6576993e-02,5.3444178e-02,-3.7061851e-02,7.9615270e-02,9.4914278e-02,-9.8213125e-02,5.7390380e-02,-1.2950415e-03,9.8697024e-02,-1.1242748e-01,-1.2394521e-01,-6.9885526e-02,1.0450466e-03,-2.9681482e-02,9.6480643e-02,2.8365090e-02,-9.2164738e-02,1.0198527e-01,-1.1445321e-01,5.0734797e-02,-1.5363610e-01,9.0468227e-02,-1.7327421e-01,-7.6197090e-02,1.2477512e-01,-6.9616362e-03,6.4101323e-02,3.3806368e-02,2.5462408e-02,1.0466134e-01,1.3120636e-01,2.0025435e-03,2.0292112e-02,-5.4573593e-02,1.0021527e-01,-1.2541054e-01,4.9273451e-02,2.1787671e-02,-4.6369857e-02,-2.4263101e-02,4.0942308e-02,-1.9366004e-02
-9.4179435e-02,8.2298689e-02,4.4231216e-02,-1.0947686e-01,-6.8711927e-02,1.5495631e-02,1.7118126e-02,-1.0533662e-01,1.2049921e-02,-7.0835348e-02,2.5457047e-02,6.3328660e-02,2.5132716e-02,1.2656059e-01,1.6636197e-02,-6.1480862e-02,6.3725159e-02,-7.4754540e-02,-6.4445612e-02,5.5921903e-02,-1.1841085e-01,-1.0950913e-01,1.2895487e-01,-7.3056972e-02,1.5566329e-02,1.7481357e-02,-6.3292683e-02,7.1346212e-02,-7.4279794e-02,1.3421770e-01,-3.7623885e-03,6.2309480e-02,2.3192199e-02,5.2881678e-02,-4.3820941e-02,1.2828805e-02,1.2629424e-01,4.2049713e-02,1.3954278e-01,8.3703490e-02,-6.3591671e-02,-9.3039734e-03,-3.7980773e-02,-2.8292147e-02,-9.8170010e-03,-1.3525868e-01,2.9788828e-02,5.0422800e-02,1.1777652e-01,-7.1644805e-02
1.3926209e-02,-5.7953202e-02,1.1879077e-01,1.7559707e-02,1.3055266e-01,5.2895347e-02,-1.3323229e-01,1.1899239e-01,-7.2713622e-02,6.7069657e-02,4.6253971e-02,-9.1037860e-02,4.9058625e-02,1.4059683e-02,6.2219968e-02,-5.8762218e-02,5.4386434e-02,2.0857624e-02,-7.2419570e-02,3.0774433e-02,1.8308280e-02,-1.1243102e-03,1.2180950e-01,-1.1957289e-01,-1.0295795e-01,-4.2899370e-02,-6.9401778e-02,1.3531190e-01,-1.3984220e-01,-1.0650230e-01,4.5191509e-02,2.0722668e-02,3.9248812e-02,6.1531817e-02,3.8620074e-02,-6.6181871e-02,1.0253337e-01,-2.3509659e-02,-5.0451701e-02,-4.4628988e-02,3.1094867e-02,5.3939479e-02,8.4708269e-02,-3.3218093e-02,-1.0798859e-01,8.1333878e-02,-1.8570646e-02,-3.9643792e-02,-1.4007035e-01,7.0427288e-02
-6.1834982e-02,6.1869124e-02,8.6355304e-02,5.0957022e-02,-8.9536864e-02,1.1412592e-01,-2.0415060e-02,-4.3503679e-02,-1.3677277e-01,1.3792131e-01,1.2733322e-01,-5.9182952e-02,-2.0502277e-04,1.2839458e-01,4.5910103e-02,-1.4351385e-01,-8.1660365e-02,-1.1109391e-01,1.1519710e-01,9.7864501e-02,-7.0687820e-02,4.4113699e-02,7.9941925e-02,7.5683107e-02,3.4520528e-02,6.5304368e-02,-9.2844729e-02,-1.0944517e-01,1.3964807e-02,8.3960594e-02,-7.7193093e-02,8.7109173e-02,-8.9918055e-02,7.2430666e-02,7.2023986e-02,-1.3604702e-01,-2.1149613e-04,4.9178286e-02,-6.2860804e-02,-7.2809103e-02,5.3253417e-02,-6.1146187e-02,4.0790259e-02,-3.9295043e-02,-3.4573227e-02,-1.2908129e-01,-1.4779905e-02,7.5402341e-02,-9.7909625e-02,-1.0849175e-01
1.1273744e-01,9.9422551e-02,-1.1864095e-01,1.0648564e-01,-8.7531881e-02,5.7061063e-02,8.1114751e-02,-1.3915468e-03,1.3154626e-01,-1.3948404e-01,-9.2591928e-02,1.1651641e-01,-4.8757323e-02,1.1096966e-01,-1.1564573e-02,-1.0314542e-01,-1.2945744e-01,-1.1772846e-01,6.0547856e-02,4.6769747e-02,-3.6464964e-02,7.9893550e-02,1.2859108e-01,1.2172891e-01,-5.0904673e-03,-1.1656087e-01,-1.0129574e-01,5.1938220e-02,-1.0337898e-01,1.6447121e-02,-1.3521302e-01,-2.3368223e-02,-5.5177514e-02,-7.5699111e-02,-4.3580628e-02,1.0170309e-01,-2.5886976e-02,-9.9611310e-02,-5.0481160e-02,-2.9240420e-02,-4.3006833e-02,-9.4234583e-02,9.2124766e-03,-1.3858610e-01,1.0266775e-01,4.1328366e-02,-8.6237615e-02,-6.2096520e-02,-1.5061109e-02,-5.4319916e-02
-3.5503961e-02,-4.4084217e-02,8.5603796e-02,-8.3694138e-02,5.1205674e-02,9.2141090e-02,6.1604937e-03,-5.6912590e-03,4.1834589e-02,4.6122730e-02,3.8330098e-02,-1.3191493e-01,2.0261047e-02,3.3656477e-02,1.3610240e-01,3.5008054e-02,-1.0389596e-01,5.4704493e-02,1.4543178e-02,1.3124289e-01,-1.4112341e-01,4.8900818e-02,-1.3132865e-01,-6.8678156e-02,-1.1208439e-01,-4.9122353e-02,-2.6751350e-02,-7.7371098e-03,-8.5855832e-02,5.4296534e-02,1.3422549e-02,-1.3557302e-01,1.2952537e-01,-1.3101533e-01,-9.4970620e-02,7.7480499e-03,4.8016836e-02,5.0355095e-02,-9.7680938e-02,-7.5958898e-02,1.3550747e-01,3.7997352e-02,7.0173534e-02,-1.4116389e-01,5.2898166e-02,-1.3043729e-01,5.3571440e-02,-2.9875426e-02,-1.5613892e-02,-1.2660020e-01
2.5450389e-02,9.2570668e-02,6.1413292e-02,3.7506169e-02,-8.7029354e-02,6.5145482e-02,-4.4470720e-02,1.6349054e-01,4.8340272e-02,-4.8783302e-02,5.9511635e-02,9.3685190e-02,-2.5291694e-02,9.8743104e-02,5.4970720e-02,3.3391286e-02,-1.3918454e-02,-8.4708221e-02,3.2137256e-02,-1.9280104e-02,1.5880997e-01,1.7459621e-02,-1.1703792e-01,-9.2851617e-02,-6.9297546e-02,-1.2326990e-01,-9.1206975e-02,-1.2571740e-01,1.5001737e-01,-1.6184232e-01,-9.3903213e-02,9.8624279e-02,-6.8594573e-02,-1.7322204e-01,-5.6497438e-02,2.8556737e-03,-6.9758586e-02,3.8440288e-02,-6.1568467e-02,1.3388829e-01,4.8417971e-02,-7.5732313e-02,4.4700877e-02,1.2671560e-01,8.2680277e-02,1.0309305e-01,2.6702172e-02,-4.8585041e-02,-4.5020110e-02,1.8010223e-01
8.8605155e-02,8.7920447e-02,1.1781187e-01,-1.3761750e-01,-8.1302349e-02,4.2366022e-02,7.3259666e-02,6.6610741e-02,9.9963774e-03,-1.9499932e-02,1.4721037e-02,4.3302948e-02,-1.0940598e-01,2.1896577e-02,-7.1203190e-03,-1.4935167e-02,1.9379829e-03,-1.4565425e-01,-2.5157272e-02,-1.4317138e-01,2.2544138e-02,4.1423170e-02,-6.4645214e-02,-2.3174562e-02,1.2854437e-01,-6.0666021e-02,1.0761214e-01,4.6613102e-02,2.4982338e-02,1.2781066e-01,5.3976349e-02,-1.9432535e-03,-6.6786308e-03,1.3091583e-01,5.3945818e-02,-1.3154792e-01,7.1178176e-02,1.3406509e-01,-1.2866692e-01,-2.9745864e-02,1.9274711e-02,1.0491055e-01,1.3279875e-01,4.9137884e-02,-8.7604610e-03,-6.8408464e-03,-1.3280750e-01,-9.6475112e-02,2.0183438e-02,-1.3993757e-01
9.7070226e-02,-1.3253439e-01,-9.9191960e-02,-5.8911042e-02,3.4065208e-02,6.6315037e-02,-1.1938356e-01,-9.4619060e-02,-1.3969943e-01,-4.3205524e-02,6.3346915e-02,-6.8202101e-02,2.5707619e-02,-1.3621474e-01,-1.9519941e-02,1.4905945e-02,-7.7403821e-02,4.8618369e-02,-1.3048977e-01,1.0169162e-01,-1.4488912e-01,1.2750137e-01,1.2107505e-01,-6.2111609e-02,2.5799627e-02,9.0371204e-02,1.2099554e-01,3.4441920e-02,9.8404170e-02,-6.4753309e-02,-1.3850980e-01,-4.2105947e-02,-1.0999735e-01,-6.6482795e-02,-1.3904374e-01,1.0890772e-01,-1.1438859e-01,-8.8417465e-02,3.8905696e-02,9.1826316e-02,1.0777766e-01,-5.4276705e-02,-1.2835994e-02,5.0715189e-02,-1.1665030e-01,1.0896456e-01,4.6653600e-02,1.2394126e-01,7.8700026e-02,-1.2031310e-01
-5.6514925e-02,-8.6636316e-02,8.4265244e-02,-1.2184733e-01,-1.6834622e-02,1.1776313e-01,2.3817347e-02,3.0901961e-02,1.3825835e-01,-4.5386498e-02,-1.1581409e-01,-1.4069355e-01,1.2430396e-01,-5.2369118e-02,1.7029304e-02,-9.7163226e-02,-1.5502283e-02,1.5253610e-02,-1.0491766e-01,-1.1102337e-01,-8.0318335e-02,-1.3587612e-01,-7.5981336e-02,2.3966849e-02,1.1754594e-01,-1.2979940e-02,-1.0618692e-01,1.2708790e-01,6.7912840e-02,7.1896317e-02,2.7507603e-02,1.2049624e-02,-4.5781036e-02,-4.4685614e-02,3.8723694e-02,-1.2685657e-01,-1.1211211e-01,-6.2906593e-03,1.5579788e-02,-2.2959132e-02,9.8028065e-02,-1.0157784e-01,-1.7969968e-03,-1.7766735e-02,-5.8107181e-02,-2.0738389e-02,1.2165028e-01,-1.2458260e-01,-5.5331368e-02,-7.1463401e-02
-1.4223858e-01,-1.7708061e-01,1.5653131e-01,1.4721711e-01,-4.3288008e-02,5.4099195e-02,-2.6983200e-03,1.3247078e-01,3.4047714e-02,-1.1846453e-01,-9.4257070e-02,-4.2571487e-02,-3.1735936e-02,-7.5649836e-02,-8.0044917e-02,6.9795335e-02,-6.9862048e-02,-3.8002810e-03,-3.7754638e-03,1.1198133e-01,3.4563270e-02,1.1521466e-02,-1.0402568e-01,-6.0056138e-02,-1.5755294e-04,2.5699262e-02,8.1288406e-02,1.0155650e-01,-1.1042141e-01,8.9530584e-02,-1.4575090e-03,-7.3370004e-02,7.1521562e-02,1.2110824e-02,1.1929100e-01,-9.0220877e-02,-3.0949586e-03,-6.1376189e-02,4.1705788e-02,6.3295406e-02,9.1899299e-02,-9.3262143e-02,-6.1859075e-02,-1.6659957e-02,3.6050108e-02,7.7858747e-02,-1.0085408e-01,-1.2852707e-01,-1.0301217e-01,4.1168468e-02
-5.0280502e-02,8.3572439e-02,1.0684254e-01,-1.5615351e-02,-9.8526320e-03,4.4244071e-02,3.1211170e-02,-3.9549739e-02,8.5454521e-02,1.0368456e-01,-5.9136261e-02,9.5586012e-02,9.4422931e-02,3.0370068e-02,6.7214213e-02,3.7570592e-02,7.9625032e-02,-1.6945342e-02,-7.5805667e-02,5.2016810e-02,-1.6449645e-02,-2.9975414e-02,-5.5958879e-02,-6.5556219e-02,-1.2896598e-01,-4.8337428e-02,-5.7846923e-02,-1.1496585e-01,9.2320565e-02,2.2538141e-02,-1.3889158e-01,-9.0661366e-02,1.2705787e-01,-4.4938856e-02,6.0723304e-02,5.3215109e-02,1.2020153e-01,1.3802124e-01,2.0500686e-02,9.0997296e-02,2.7109485e-02,1.2600089e-01,1.1644433e-01,-2.1338010e-02,1.0821718e-01,-1.2984940e-01,6.0791393e-02,-1.2531881e-01,-6.4962932e-02,1.5326087e-01
2.5846960e-02,1.6745909e-02,5.9778346e-02,1.1892780e-02,1.5425757e-01,-4.3061721e-02,-5.6072446e-02,9.6020191e-04,8.3703194e-02,5.1869732e-03,4.7366319e-02,2.3141787e-03,1.0028328e-01,3.4143632e-02,-9.7884937e-02,-2.4780159e-02,-4.8986807e-02,2.0752815e-02,-4.5335839e-02,1.8055875e-02,-6.2629194e-02,-6.5701604e-02,-6.6814119e-02,-6.3114846e-02,-1.0143158e-01,-9.3611096e-02,-6.7191522e-02,1.5000086e-01,-1.3392397e-02,8.8778206e-02,-1.1054399e-01,1.8494471e-02,6.6873500e-02,1.4008392e-02,6.9250873e-02,6.5388566e-02,1.2252721e-01,9.3753429e-03,1.1728090e-01,9.3446899e-04,5.7237343e-04,-2.0162290e-02,-3.9962070e-02,8.1022527e-02,-1.3882499e-01,-3.6246325e-02,1.1821603e-01,9.3090058e-02,-1.0905987e-01,-5.1056013e-02
8.8356382e-02,-3.7933843e-02,-3.2508311e-02,1.4760154e-01,-1.7359561e-02,-2.7495792e-02,-1.4051854e-02,2.1226829e-02,-6.2341778e-02,-3.1864858e-02,1.2388818e-01,-6.0997298e-03,2.4769276e-02,9.9791591e-02,1.2809272e-02,5.2540813e-02,-3.1032875e-02,-3.1691557e-02,7.1875621e-02,-7.8489391e-02,3.2888209e-02,4.9464653e-02,6.5678204e-02,1.3299172e-01,8.9101303e-02,1.6322090e-01,1.2403661e-01,-4.4923466e-02,-7.7197175e-02,-8.2022885e-02,-1.5785215e-01,1.3522630e-01,4.4732737e-02,9.3349051e-03,-8.4398335e-02,-1.0294872e-01,-1.2113110e-01,1.1909521e-01,8.9686232e-02,2.3882175e-02,3.8196049e-02,-3.9902017e-02,-1.2135897e-01,-5.8538977e-02,9.7419980e-03,-3.7075228e-02,2.0663489e-02,-7.6539542e-02,1.2852457e-01,3.3235733e-02
-8.8673321e-02,6.5495010e-02,5.2149385e-02,1.3005519e-01,8.8366886e-02,-8.4319013e-03,8.6682945e-02,-8.1763532e-02,2.6927857e-02,5.2642550e-03,-1.1718831e-01,2.8755642e-02,-1.1063144e-01,-2.5030629e-03,1.4393626e-02,-8.4872315e-02,-9.9948848e-02,-8.7938649e-02,-1.3258753e-01,1.1995151e-01,-8.7227166e-02,9.9765169e-02,-1.7845977e-03,-1.3490331e-01,1.1431566e-01,6.7101301e-02,-1.0548065e-01,1.1434837e-02,-1.3247997e-01,-1.1040828e-01,-8.6611119e-02,9.4002836e-02,3.6874246e-03,5.2552805e-02,-7.5078049e-03,-4.0292451e-02,-1.2184960e-01,-2.7837864e-02,8.2356731e-02,-1.4089656e-01,-6.2065839e-02,8.8586847e-02,-2.5081443e-02,1.2339438e-01,8.3848653e-03,1.4093023e-01,-9.3801099e-02,-1.3329396e-01,7.6548358e-03,-1.9811140e-02
-1.0750046e-01,1.0976391e-01,-5.4183433e-02,1.4544930e-01,-1.8438013e-01,-1.7682182e-01,-1.1979256e-01,5.4421993e-02,-7.6422093e-02,2.2183218e-03,2.4684964e-02,2.8246482e-03,-8.8657524e-02,-4.9752068e-02,8.0006018e-02,1.4066219e-01,-1.5143029e-01,4.9837317e-02,1.1858729e-01,-1.7269139e-02,-6.1211366e-02,-8.6920230e-02,1.3860229e-02,3.8242877e-02,-1.0415224e-01,7.6920821e-02,-2.9061256e-02,-1.1742440e-01,-5.7048696e-02,-4.9779405e-02,4.6974609e-02,7.2419756e-02,1.3584925e-01,-1.0885152e-01,8.3175238e-02,-3.2531989e-03,1.9763268e-03,7.0234904e-02,-9.9667292e-02,1.2380360e-01,-1.4467566e-02,-1.3264349e-01,-6.5249082e-02,-4.9874240e-02,1.4389615e-01,7.2298151e-02,1.1854484e-02,-1.3633725e-02,4.0410702e-02,-7.3745000e-02
-2.0855098e-02,6.7530085e-02,7.3003182e-02,-5.2563866e-02,-2.4211415e-02,1.1083172e-01,6.8265609e-02,-8.2416277e-02,-1.0185178e-01,4.0231927e-02,5.6856415e-03,-1.0988330e-01,-9.3170264e-02,5.5052391e-02,1.1966130e-01,6.1203847e-02,9.7760413e-02,7.5163330e-03,8.1238018e-02,-1.8136228e-02,-9.6493527e-02,9.6958730e-02,-1.1508151e-01,-8.1019917e-02,-1.3967714e-01,-1.0330734e-01,6.8312098e-02,3.3636700e-03,1.1542177e-01,3.7691060e-02,1.3282520e-01,-1.4003358e-01,-5.8746147e-02,6.5678026e-02,9.9750349e-02,-1.3644945e-01,4.7219032e-02,2.1536202e-02,1.4640926e-02,5.3437305e-02,-8.2628954e-02,-4.6849055e-02,-4.4321526e-02,4.7501043e-02,-5.1605643e-02,1.3338525e-01,-5.3462665e-02,9.7915551e-02,-1.4564233e-02,2.7644226e-02
-4.5065194e-02,-9.2205837e-03,4.1141779e-02,-1.0828012e-01,1.2161726e-01,-4.0970859e-02,-1.4456757e-01,-6.6043570e-02,6.7316391e-02,1.1959430e-01,-9.8946806e-02,7.9240974e-02,1.4492430e-01,-1.6069565e-06,-4.4807695e-02,1.4563421e-01,3.6600464e-02,-3.7089134e-02,-7.8949160e-02,-8.2119096e-02,1.3092071e-01,-1.5745273e-02,-5.2453594e-02,4.5200441e-02,2.4643246e-02,3.2977015e-03,-7.6931902e-02,-9.6217162e-03,1.1568318e-01,-6.8831503e-02,-4.1420559e-02,-9.5187738e-02,-1.0406680e-01,-1.6844771e-01,1.4804663e-01,8.0945198e-02,-1.9106555e-02,4.9974814e-02,1.3266249e-01,-8.6336177e-02,8.6750389e-02,9.6301109e-02,1.3469252e-01,1.4239299e-01,8.6748903e-02,5.2286065e-02,1.8297275e-03,-5.6743467e-02,-1.0392927e-01,1.3175591e-01
-1.0180470e-01,7.2392958e-02,8.6948550e-03,5.8459941e-03,6.2930756e-02,-1.5672810e-01,8.8221847e-03,1.7171366e-01,-9.4905751e-02,-9.1523365e-02,-1.1386284e-01,5.6124126e-02,1.4478627e-01,-2.7052849e-02,-5.5436166e-02,-4.2563809e-02,1.2570008e-01,3.3712466e-02,8.0784784e-02,7.1224089e-02,4.4360542e-02,-2.2090712e-02,-1.7076503e-02,-5.0377925e-02,-1.4598370e-02,1.5648601e-01,2.6505141e-02,-1.0458165e-01,-1.0487134e-01,1.6155277e-02,1.0671377e-01,-5.3793857e-02,6.7201352e-02,-1.7115363e-01,2.4985261e-02,1.4070342e-02,-9.8013181e-02,3.7085731e-02,1.1159473e-01,2.3520011e-02,-1.3018124e-01,5.9711758e-02,1.0920291e-01,-8.9064393e-02,1.5389732e-01,2.5446394e-02,1.1953285e-01,3.8767267e-02,4.5307782e-02,1.3284234e-01
8.7457287e-02,1.4112645e-01,-9.7773081e-02,4.4295025e-02,-1.2646157e-01,8.7914537e-02,8.0797974e-02,-3.8416228e-02,1.1770495e-01,1.0346780e-01,1.6787355e-02,8.2076007e-02,-3.4853899e-02,8.2185605e-02,-6.0182796e-02,-8.9295998e-02,-8.5771110e-02,1.2759606e-01,7.3837419e-02,-4.3467299e-02,1.5553537e-01,8.9012823e-02,2.1600696e-02,6.8281481e-02,3.3538672e-02,3.2696739e-02,-1.0306059e-01,1.0489031e-01,-6.4502555e-03,-6.5420413e-02,-9.9722462e-03,-9.8202086e-02,-1.1334819e-01,9.4014103e-02,-3.8292699e-02,-5.2526029e-02,7.5938297e-02,8.5866323e-02,8.7069921e-02,-2.7868058e-02,-4.0525230e-02,-1.2214093e-01,1.2620440e-01,1.7213343e-02,-6.8485668e-02,7.8092390e-02,-8.7685965e-02,-5.1225854e-02,-9.7676702e-02,1.0925531e-01
9.1316015e-02,-1.3793584e-01,4.5445088e-03,-2.9046996e-02,9.2779886e-02,6.9288715e-02,8.0348764e-02,-3.2342871e-02,-1.3830774e-01,-1.1376785e-01,-4.8463110e-02,-4.5931142e-02,-1.0981694e-01,-1.4247758e-01,1.1930820e-01,-5.2992236e-02,5.3158194e-02,-9.7511376e-02,8.9682929e-02,-6.9292586e-02,3.1641965e-02,7.3058469e-02,1.0888693e-01,-1.2495619e-01,-1.4396096e-01,8.0266321e-04,-1.0731728e-01,1.2562626e-01,-7.7779818e-02,-5.9668075e-02,1.0514206e-01,-3.2527126e-02,-4.4558950e-02,2.4918152e-02,-9.9923942e-02,-5.6158486e-02,9.8106797e-02,8.2304747e-02,-8.9095041e-02,-6.7288602e-02,1.0793889e-01,7.0760162e-02,-1.1230655e-01,5.5567904e-03,1.9974806e-02,1.3930873e-02,-1.2087858e-01,-1.3704094e-01,-1.1932458e-01,9.0661528e-02
2.1210531e-02,-4.0043034e-02,1.2052461e-01,-3.7920021e-02,-7.3241591e-02,-6.8507178e-02,-2.3916366e-02,1.2992562e-01,1.4642640e-01,-1.2226258e-01,7.4214792e-02,-1.0399127e-01,3.0059549e-02,2.5851518e-02,-5.2465073e-02,-6.0059807e-02,1.0667199e-01,1.3432030e-01,-2.8817753e-02,5.8693230e-02,-8.1249538e-02,4.7223470e-02,5.0842531e-02,9.4816835e-02,1.1824274e-01,-9.7603889e-02,-8.9547004e-02,-2.5379316e-02,-2.6743844e-02,9.9467491e-02,9.7803364e-02,-1.2591251e-02,1.0647806e-01,1.4974367e-01,1.3771357e-01,2.4450184e-03,1.0211967e-02,-5.3183541e-02,1.0658360e-01,-7.0105313e-02,-2.4917249e-02,-5.3201500e-02,-1.4472887e-01,1.3929185e-01,-8.3216669e-02,-4.2831110e-02,-2.9107812e-02,-4.6951629e-02,8.9833594e-02,1.1921893e-01
1.2782584e-01,1.3660785e-01,-1.6976016e-02,4.8458283e-02,3.6943693e-03,-1.3536019e-01,-1.1024667e-01,1.3929948e-01,2.6828148e-02,-7.9058032e-02,8.6190759e-02,-2.2168903e-02,3.5918406e-02,-8.2766356e-02,-9.1922698e-02,-7.3013115e-02,1.3099470e-01,-1.0731215e-01,4.7617385e-02,-4.1879819e-02,1.1652666e-01,-2.9227918e-02,-7.1368512e-02,-4.9638303e-02,-1.5507510e-01,9.4609190e-02,-1.3150184e-01,2.2062356e-03,-1.1853356e-02,6.0691662e-03,1.3902681e-01,2.7609276e-02,-9.6032925e-04,-2.5765430e-02,7.9713600e-02,9.7101711e-02,5.4728340e-03,9.2597133e-02,7.5272916e-02,-5.9734045e-02,-1.0214833e-01,1.2278842e-01,-3.4085879e-02,7.5312074e-02,6.8039714e-02,-9.4545260e-02,7.2397392e-03,-1.4258246e-03,8.8599320e-02,1.5885857e-01
-1.1388259e-01,7.2854866e-02,1.1553499e-01,-8.0080490e-02,6.5260853e-03,-6.8485103e-02,-9.2936650e-03,-9.2691050e-02,2.1057876e-02,-2.6820421e-02,1.1172859e-01,-1.6102202e-02,5.4339704e-02,-1.0600040e-02,1.1411106e-01,2.3034528e-02,-8.1110334e-02,2.0563174e-03,-9.1412278e-02,5.5539809e-02,-2.0894133e-02,-3.2456499e-02,3.5867056e-02,-6.7405391e-02,-5.6475072e-02,1.2749365e-01,-1.0481817e-01,-1.3083651e-01,-5.0869362e-02,-8.6357548e-02,-7.3187555e-02,-2.4494817e-02,5.7717916e-02,4.4207192e-02,-7.5800629e-02,-5.2514266e-02,-3.6775261e-02,-6.0221502e-02,4.9776555e-02,6.0219177e-02,2.8077267e-02,8.6505099e-02,8.3533330e-03,8.8109570e-02,-4.7597672e-02,4.4243083e-02,-4.7700762e-02,-3.5531661e-02,2.5050027e-02,-1.4193146e-01
-2.9852288e-02,-7.2775407e-03,7.1520780e-02,-3.2405965e-02,9.0769943e-03,1.2285481e-01,1.3713914e-01,8.6585144e-02,-1.9923036e-02,7.6245680e-02,1.2653064e-01,8.0893841e-04,3.6056760e-02,1.0322037e-01,-1.4043726e-01,3.6343299e-03,5.1994331e-02,1.0551922e-01,-7.7580196e-02,-1.0029261e-01,-3.5291128e-02,9.7888871e-03,1.8130812e-02,-7.6610409e-03,-1.2046594e-01,1.4332754e-01,1.3440482e-01,-1.5011567e-01,1.9799414e-02,-7.8167588e-02,9.3809673e-02,-8.0169892e-02,1.7101375e-01,-1.3777054e-01,1.0374077e-01,-1.2498594e-01,6.6996546e-02,-5.5769019e-02,5.7112227e-02,1.2949180e-01,2.2380652e-02,9.3607791e-03,1.1305316e-01,-2.0420509e-02,5.3351359e-02,5.5989954e-02,3.6052088e-02,-9.2579736e-02,1.4654807e-01,-1.1384955e-01
-9.4197361e-03,-1.9885547e-02,7.5969367e-02,-8.4419242e-03,-1.4996810e-01,4.6209894e-02,5.7800712e-02,2.9475143e-02,-1.0851396e-01,4.0285164e-02,-5.4599595e-02,8.3696656e-02,6.8075176e-02,-1.0427825e-01,2.3913092e-03,-3.6296851e-02,-8.4605257e-03,2.7855744e-02,9.0393557e-02,1.3854446e-01,-8.7880395e-03,1.1394069e-01,-6.6653774e-02,-1.5492046e-01,-7.2847257e-03,-4.4033843e-02,8.2016100e-02,-1.0948814e-01,4.6460356e-02,-1.5856637e-01,-9.1321506e-02,1.2049282e-02,-1.5328274e-02,-4.7245523e-02,4.2062272e-02,1.1341201e-01,8.3546000e-02,-7.4008237e-04,3.4063354e-02,-6.4198266e-02,-8.8329391e-02,9.7344769e-02,-6.1264249e-02,-7.8341856e-02,-1.2423328e-01,9.0772577e-02,-2.7025017e-02,-2.2083542e-02,1.3531393e-01,-1.0156425e-01

7.6213958e-02,3.8660630e-03,1.0309255e-01,1.1329664e-01,-1.2995885e-01,6.3021490e-02,9.7019967e-02,5.6347804e-03,3.7740281e-03,-6.9343481e-02,-1.3648989e-01,-1.0376433e-01,1.1291629e-01,1.1808138e-01,-4.8681196e-02,-1.9370424e-03,6.2616345e-02,8.6636620e-02,5.9715873e-02,1.0385284e-01,-6.5945574e-02,8.1191118e-03,-1.3967825e-01,1.1167510e-01,9.4720867e-02,5.5921969e-02,7.1025189e-02,1.2389630e-01,-9.5905932e-02,1.5302534e-01,9.6766553e-03,1.2871586e-01,1.0897929e-01,-2.4824033e-02,-1.1846573e-01,-2.4053043e-02,-1.3987278e-01,9.5226948e-02,-1.2871134e-01,-4.4532386e-02,2.3933306e-03,-9.2650917e-02,-1.0776722e-01,-9.7501958e-02,1.2160913e-01,-9.8177468e-02,7.9764529e-02,-1.0114847e-01,-1.2785365e-01,-1.1825606e-01,4.9890668e-02,-1.2640091e-02,-9.7545340e-02,-8.7400005e-02,9.8664677e-02,-1.3508314e-01,-2.4754973e-02,-9.9837603e-02,-1.4092039e-02,-1.0590614e-01

-3.4681127e-02,-9.0978940e-02,4.7925112e-02,6.0758405e-02,2.2254763e-02,2.7110965e-02,-5.8120930e-02,-1.9795745e-02,-8.0149240e-02,-1.2416848e-01,-1.0183022e-01,-5.6800851e-02,-7.4155801e-02,2.2484357e-02,8.5681657e-02,-1.3086313e-02,9.5878576e-03,7.6303272e-03,1.5468186e-02,-6.7903686e-02,-4.6105059e-02,-1.0681915e-01,-9.7907811e-02,-1.1534830e-01,3.8666505e-02,9.8262946e-02,9.4312133e-02,2.2826154e-02,4.5155492e-02,-7.2319378e-02,-6.6699077e-02,8.7619106e-03,7.4054307e-02,-9.3777002e-03,-7.1481376e-04,3.1363869e-02,-7.6467124e-02,1.1617684e-02,-6.7352804e-02,-1.2163527e-01,3.8939357e-03,4.8752352e-02,-7.0816058e-02,-1.0872479e-01,-1.1780926e-01,-3.6011168e-02,-6.4909787e-02,-5.8120426e-02,-9.3184607e-02,1.1177434e-01,1.9303013e-02,2.6482822e-02,6.8589320e-02,-1.0174768e-01,1.1474079e-01,-4.7749719e-04,-6.9439911e-02,-1.0498572e-02,1.1589721e-01,6.1857405e-02
-6.4611366e-02,2.6546728e-02,3.0302844e-02,1.2400944e-01,-1.0269024e-01,-1.1542244e-01,1.0238313e-01,-6.2614665e-02,1.0592513e-01,3.9030635e-02,3.7159928e-02,2.4214457e-02,-6.4195738e-02,1.1062171e-01,2.2712153e-02,1.7614385e-02,-4.2980592e-02,-6.7995625e-02,-2.7971515e-02,4.9600734e-02,5.1957691e-02,-1.1494995e-04,-9.3006607e-02,-5.9197333e-02,9.9097588e-02,-9.8725416e-02,9.5525148e-03,-1.0833729e-01,8.3913410e-04,-1.0594367e-01,-4.1152588e-02,-1.1590732e-01,1.0949746e-02,9.7854024e-02,-1.2546165e-01,1.2460856e-02,4.2360410e-02,9.3310289e-02,-9.8295015e-02,9.4452990e-02,-1.3111592e-01,-9.0022118e-02,-5.7212461e-02,5.3178567e-02,3.8269114e-03,-1.3393443e-01,2.6116065e-02,-2.0800608e-02,8.8157312e-02,5.7108153e-02,1.1680484e-01,-1.0855019e-01,-1.5799675e-02,5.2063789e-03,-4.2160038e-02,-1.5726832e-02,-7.2762062e-03,-1.0615828e-01,4.2907222e-02,5.2906581e-02
1.1906601e-01,-3.9047456e-02,6.5065659e-03,8.6563257e-02,1.1514799e-02,9.8831952e-02,7.5838241e-02,-4.1678792e-02,7.0407549e-03,4.9798213e-02,2.0058978e-02,2.0028710e-02,-8.7174087e-03,7.9326726e-02,1.1914831e-01,-1.4688804e-02,7.4722919e-02,2.9566490e-02,-1.1172035e-01,1.1364977e-01,6.7369613e-02,1.1166281e-01,3.2188351e-02,-3.0313445e-02,1.1563160e-01,3.5065896e-02,1.1384336e-01,-1.4895406e-01,4.9969291e-02,-6.5181898e-02,-2.7057655e-02,7.1703343e-02,-7.9822463e-02,7.6523561e-02,1.3268782e-01,-4.0208937e-02,-9.4565443e-02,-6.5930268e-02,8.4619813e-02,-4.3617349e-02,9.6793826e-02,-9.5616038e-02,-2.2144489e-02,6.8522472e-02,-1.6727221e-02,1.7717470e-02,1.2539581e-01,-1.0510296e-01,8.4203014e-02,-7.8918790e-02,2.4367394e-02,5.2982514e-02,-1.2453501e-01,1.3588124e-02,1.0949554e-01,6.0612748e-02,-1.2863414e-01,2.5717050e-02,3.7811160e-02,9.3692846e-02
-1.6034624e-02,3.8485818e-02,8.5844389e-02,3.7707300e-02,3.9682415e-02,-1.2410933e-01,-7.4659695e-02,-2.8512050e-02,-1.3186348e-04,1.0515060e-02,-2.2414782e-02,-9.2975831e-02,2.2261479e-02,-7.3018171e-02,-2.1728632e-03,-2.5162072e-02,7.6567355e-02,-1.5082887e-01,-7.8919081e-02,6.7056919e-02,7.8021915e-02,1.0748682e-01,-9.9427936e-02,-3.3509549e-02,1.3436203e-01,-8.8435914e-02,-8.5984976e-02,1.3650534e-02,-2.2867427e-02,5.9618306e-02,1.4098453e-01,-1.0917014e-01,1.0473402e-01,-3.3214797e-02,-6.0550867e-02,-9.6737692e-02,1.0478940e-02,-7.0366731e-03,9.7006031e-03,-4.7848903e-02,-7.3482506e-03,-5.9070466e-02,-6.5957227e-02,-9.3767909e-02,1.0815313e-01,3.8604027e-02,3.4126841e-02,1.0850203e-01,4.0722188e-02,5.2391361e-02,-3.1955162e-02,9.0384527e-02,1.3940952e-01,1.0939437e-01,6.3038119e-02,-1.3376471e-02,1.0370830e-02,1.7228262e-02,4.2805066e-02,5.9095183e-02
7.0307936e-02,-6.8414278e-02,-5.3673130e-03,1.3744807e-01,-2.4465266e-03,7.4093685e-02,5.1396583e-02,-3.3905993e-02,-1.0928473e-01,-9.6077599e-02,-1.3550961e-02,-1.2760262e-02,1.2006414e-01,1.4042658e-01,5.2482261e-02,-8.7176490e-02,5.5229675e-02,5.6989774e-02,-7.5517960e-02,-1.9976957e-02,1.3207031e-01,1.0534909e-02,7.4463261e-02,-9.8619006e-02,9.7549976e-02,-9.4189396e-02,1.3006589e-01,6.9328974e-02,-7.1705637e-02,-5.4905325e-02,-8.0206438e-02,7.6889647e-02,1.6235663e-02,8.8928232e-02,2.9007622e-02,1.8050412e-02,-1.2179933e-01,8.4535083e-02,1.1639013e-01,-1.2355420e-01,4.1483823e-02,-4.7996888e-02,-1.2610886e-02,4.1289399e-02,-1.8266041e-02,-2.2577912e-02,1.2834397e-01,-2.2256625e-02,1.0498137e-01,-7.5434472e-02,1.8654534e-02,5.1733787e-02,5.9182242e-03,-4.7098040e-02,-1.0978052e-01,4.7486991e-02,-6.1873237e-02,3.4064371e-02,1.2913244e-02,5.3696627e-03
-1.2379623e-01,9.5746146e-02,1.0519784e-01,7.5457950e-02,4.7498640e-02,-7.7969188e-02,-8.8785501e-02,6.4856650e-02,2.2748531e-02,-9.8238210e-02,1.1958165e-01,-1.2277454e-01,-1.2107267e-01,1.1196364e-01,-1.2758895e-01,3.0672730e-02,1.3290447e-02,-6.9338409e-02,1.2585811e-01,-3.1929532e-02,-6.0629792e-02,-6.6136588e-02,-6.9110082e-02,4.5654701e-02,-1.1025434e-01,5.1092592e-02,2.4304350e-02,-8.3420439e-02,7.7628867e-02,-4.4909552e-02,8.0866584e-02,-1.2336516e-01,2.2555559e-02,2.7499685e-02,-3.8110169e-02,-4.0372221e-02,-1.8304542e-03,1.0924134e-01,-4.0334624e-02,1.1043270e-01,5.8449737e-02,8.3014736e-02,6.8601583e-02,1.1129089e-01,6.5683816e-02,-6.6861140e-02,-2.9489106e-02,-9.3163318e-02,1.1440941e-01,-5.2260105e-02,-1.1617050e-01,-3.8331715e-02,9.2185952e-03,4.8375918e-02,8.3276508e-02,-4.8887510e-02,-1.0092926e-01,7.1133717e-02,5.9012719e-02,1.2687799e-01
1.0275971e-01,1.9235758e-02,-6.1446537e-02,-1.3662811e-01,-6.2851790e-02,-8.2533446e-03,-7.7162440e-02,2.0948966e-02,-1.0805550e-01,-1.1859360e-01,-7.4763697e-02,-2.3624579e-02,3.1220544e-02,-3.8237942e-02,1.2699897e-01,-4.4421801e-02,3.5929104e-02,-8.0071973e-02,8.3933439e-02,6.3710643e-02,-5.3030227e-02,-8.6154042e-02,6.0664873e-02,-1.2186150e-01,-1.0825361e-01,4.9882944e-02,6.1640277e-02,-6.8645444e-02,-6.1447292e-02,-1.6995581e-02,-8.2587338e-02,-1.1410947e-01,-7.2422377e-02,-2.2586801e-02,1.1465856e-01,7.4310141e-02,-5.9096346e-02,-1.2721169e-01,-1.2505708e-01,-3.8322788e-02,3.2211600e-02,-6.9156093e-02,1.2032879e-01,-5.2597852e-02,-1.0114303e-01,-4.1513314e-02,1.1576647e-01,-1.0375630e-02,1.2092919e-01,1.1889562e-01,-4.4976525e-02,-4.7461720e-02,-5.0199441e-02,1.1472254e-02,-3.6306699e-02,5.4805543e-02,1.2152139e-01,1.0026880e-01,6.2733676e-02,1.2778714e-01
-4.4710060e-02,5.0727757e-03,-1.0560578e-02,-1.0382691e-01,8.9374203e-02,8.0014061e-02,7.3531844e-02,-1.0792668e-01,5.8873641e-02,3.1680153e-02,3.9488985e-03,-4.4955533e-02,-7.4606556e-03,-5.1696184e-03,-4.5110090e-02,-4.1647413e-03,3.1560839e-02,-9.3745162e-02,1.2441251e-01,3.2770315e-02,1.7160570e-02,3.8300907e-02,-7.6228988e-02,-7.8988822e-02,-2.2188974e-02,8.0864179e-03,1.1358256e-01,-3.0150568e-02,3.1412549e-02,-5.0799457e-02,4.3061826e-02,-5.3721547e-02,-4.6460386e-02,7.3524922e-02,6.8750398e-02,-1.0196174e-01,3.5631986e-02,4.5311009e-02,7.8470503e-02,3.5524629e-02,4.8898491e-02,2.0805619e-02,-2.4532490e-02,9.6418230e-02,-9.0979163e-02,-3.5719107e-02,-4.7567582e-02,-1.1400540e-01,1.2093513e-01,-2.5978176e-02,9.0736748e-02,1.9288954e-02,-6.0672250e-02,-5.4654953e-02,-5.9370854e-02,-1.7619758e-02,-2.2928709e-02,8.5929245e-02,-5.5970313e-02,-7.1749172e-02
6.9495431e-02,3.5388803e-02,4.6640041e-02,-1.8045855e-02,1.5258609e-01,6.5755967e-02,3.9685434e-02,6.4613422e-03,3.8466881e-02,1.5426868e-01,-1.8067501e-02,1.0830335e-01,-7.8750852e-02,-2.1839733e-02,-1.0941589e-01,6.5527709e-02,-3.5588199e-02,1.2244652e-01,-7.8742823e-02,-1.0066784e-01,-2.2771540e-02,-2.5217259e-02,6.7944973e-02,1.0252015e-01,8.9651579e-02,-1.5515386e-02,-3.6877868e-02,-4.5928858e-02,9.2056268e-02,-4.3564695e-02,1.5234890e-01,-1.2734053e-01,1.6378744e-01,3.9269067e-02,5.0359493e-02,-5.8695519e-02,-1.0233854e-01,-2.1388296e-02,-1.0463514e-01,7.9241513e-02,5.5438416e-02,-1.1142868e-01,-1.2484537e-01,-5.2152347e-02,1.1520316e-01,-3.6573175e-02,-7.6763118e-02,2.0439292e-03,7.4896663e-02,1.3039886e-01,-1.6592222e-02,1.0254581e-01,1.8266636e-01,1.9860262e-02,-9.8544443e-02,-2.3686795e-02,6.7330559e-02,-7.2976918e-03,-5.5838687e-02,-1.3420471e-01
1.1985348e-01,-7.6998974e-02,-1.0185678e-01,3.4617513e-03,8.1140049e-02,-1.0336596e-01,-7.1465411e-02,-7.9280305e-02,-6.4734598e-02,2.3715279e-03,1.0824034e-01,6.3638375e-02,-6.8675603e-02,4.6258109e-02,6.4333985e-02,6.8963584e-02,2.0068284e-02,-3.8809387e-02,-2.9172012e-02,-1.2056565e-01,3.2305326e-02,-1.1505827e-01,-6.4521864e-02,-7.5171056e-02,-1.6108001e-02,1.1462376e-01,-6.3666139e-02,-1.1320285e-01,-2.8462738e-02,-1.2695235e-01,1.1680126e-01,-8.5899011e-02,2.1792085e-02,-4.7045171e-02,-9.6368295e-02,1.2277416e-01,-9.3615109e-02,-1.1892062e-01,5.4097507e-02,-7.6081964e-02,-4.2863620e-02,5.3209862e-02,-8.7997357e-02,-8.2279950e-02,1.8782512e-02,-8.0034107e-03,-3.1150746e-02,-9.4170561e-02,1.2171056e-01,1.2582823e-01,-4.4712148e-02,8.4780293e-02,-8.0768774e-02,1.1573606e-01,-1.2602424e-02,-7.6386469e-02,-6.4580214e-02,-9.4117012e-02,-9.7397664e-02,-1.2341051e-01
-9.2653117e-02,1.2523940e-01,6.2761109e-02,-2.2365515e-02,3.8361954e-02,-1.1780047e-02,-4.4253193e-02,-4.2149766e-02,-1.1523350e-01,-9.6625626e-02,-6.9241226e-02,-3.5637844e-02,6.8623828e-02,6.0880045e-02,-2.3557618e-02,-7.1202610e-02,3.2171779e-02,2.9840471e-02,-6.9091591e-02,-4.7800461e-02,7.0219102e-02,-9.6110392e-02,1.1025441e-02,-1.0833992e-01,3.6289865e-03,2.4497621e-02,-8.7566733e-03,8.0890677e-03,1.1850210e-01,9.0744211e-02,3.3761925e-02,5.1157207e-03,1.0885212e-01,5.2952198e-02,4.7493674e-02,9.6242859e-02,-5.7954072e-02,6.9676648e-03,-3.6354520e-02,9.1312072e-02,1.1485567e-01,-8.6653739e-02,-8.0822197e-02,4.6549626e-02,-5.9688057e-02,-3.9411561e-03,-8.4282005e-02,1.2967743e-01,-8.7082439e-02,-5.1417205e-02,4.0919117e-02,-1.1121880e-01,-2.0141781e-02,-6.0930298e-02,-7.2837445e-02,-2.5451589e-02,1.3997706e-01,4.8035477e-02,3.1056907e-02,-2.0202684e-02
1.0464575e-01,8.1366703e-02,1.0635579e-01,9.6059478e-02,1.3571642e-01,4.1257015e-02,1.0585638e-01,-8.4019106e-02,6.1000725e-02,3.7698751e-02,1.5329735e-04,-5.0081362e-02,-4.9966242e-02,1.7370743e-02,6.3893721e-02,3.6600518e-03,-9.4922967e-02,-1.1523996e-01,2.0476954e-02,8.5114619e-02,-1.6791470e-02,9.1150465e-02,-7.2631292e-02,-7.5193547e-02,-1.5084579e-02,9.3846320e-02,7.4530074e-02,-6.3720759e-02,-1.0518330e-01,4.0412576e-02,5.9359255e-02,-9.5581305e-02,-9.1077347e-03,-2.4059608e-03,4.7596054e-02,4.2006379e-02,4.8909219e-02,1.9044723e-02,1.9115025e-02,-1.0069474e-01,-8.2931948e-02,-5.9693732e-02,1.0441204e-01,-7.0056436e-02,-5.3631730e-02,3.8356891e-02,-4.4026909e-02,3.4653907e-02,8.9581979e-02,-1.6852304e-01,1.4198904e-02,-1.2742205e-02,8.8288183e-02,4.5580857e-02,-7.3253813e-02,9.3812725e-02,6.7384913e-03,-1.0237765e-01,5.9764490e-02,-9.3978347e-02
8.6004690e-02,7.4127176e-02,-2.0317203e-02,4.1624695e-02,-5.3507982e-02,3.4845623e-02,-3.2008900e-03,1.6944871e-02,3.6791290e-02,-5.0971098e-02,7.9563831e-03,-3.7774475e-02,-4.5227677e-02,-9.5584529e-02,1.0690584e-01,-2.4891116e-02,7.3189725e-02,6.7488946e-02,1.5672967e-01,8.0657168e-02,1.0899590e-01,4.1124141e-02,1.0130401e-01,2.4616061e-02,4.1237131e-02,4.8786835e-03,1.1412602e-01,-1.1126870e-01,-1.1821403e-01,5.3084807e-03,3.7141975e-02,-6.2609349e-02,7.8286237e-02,5.2200265e-02,-6.7057977e-02,9.0631732e-02,1.2118719e-01,-4.3351499e-02,-9.8706885e-02,3.9936688e-04,8.8276691e-03,-5.7165971e-02,7.8838421e-04,9.6491638e-02,-7.1982860e-02,-4.9108479e-02,7.1399305e-02,-1.0965058e-01,-4.6700208e-02,1.3257467e-02,-4.1453958e-02,-3.1006750e-02,3.2419214e-02,-7.9719355e-02,-9.1998075e-02,1.1369649e-01,-6.5143305e-03,7.1368102e-02,-4.0764621e-03,-7.6326101e-02
6.3048394e-02,9.9518905e-02,3.4357498e-02,2.6360652e-02,2.3263204e-02,-1.2173228e-01,3.9379208e-02,1.6742588e-02,-5.3292477e-02,-9.5957731e-02,-4.3766533e-02,-7.0640808e-02,-6.5895311e-02,1.1706370e-01,6.8614267e-03,-5.2761075e-02,-5.4142113e-02,-7.8905470e-03,1.0864870e-01,9.2676586e-02,8.5514069e-02,6.2287851e-02,1.3218128e-01,9.1113483e-02,-9.4249847e-02,5.0435318e-02,7.6832476e-02,-4.8501929e-02,-8.5783255e-02,6.1166002e-02,-4.7866790e-02,1.7915014e-02,3.2692241e-02,4.6281959e-02,-5.0294412e-02,-7.0011638e-02,9.3871460e-02,-3.8002163e-02,-1.2745144e-01,1.2170061e-02,-7.5124006e-02,6.4950656e-02,1.0036226e-01,1.3839312e-02,5.7972503e-02,-6.5191962e-02,8.9930638e-02,-7.7523734e-02,1.0962871e-02,-1.2523828e-01,1.0135113e-01,-3.1406299e-02,5.0686019e-02,6.4089034e-02,-7.5889010e-02,-1.1117346e-01,5.7647629e-02,2.6034433e-02,3.9721784e-02,6.1392494e-02
8.6665725e-02,-6.3005672e-02,-1.2143948e-01,-2.0458149e-02,-1.1583785e-01,1.8009837e-04,5.4636339e-02,7.8196238e-02,-1.8668912e-02,6.1229240e-02,-1.2546374e-03,-2.4963960e-03,1.7686838e-02,6.9271437e-02,-1.2823614e-01,-3.4797686e-02,-1.3392297e-01,2.4562800e-02,5.9023999e-02,2.7225981e-03,-7.8692562e-02,5.4466373e-02,-3.8728853e-02,-1.0440566e-01,-1.3314676e-01,-9.3916375e-02,-1.2069415e-01,9.5495268e-03,6.0200188e-02,7.4232090e-02,1.8260265e-02,6.3193514e-02,-1.1951030e-01,-7.0774895e-02,-3.6621333e-02,-9.7209564e-02,-8.1052868e-02,-9.6209256e-02,1.0128979e-01,2.5440684e-02,9.9253000e-02,8.0152442e-02,-8.1024232e-02,-3.0970812e-02,-1.4930951e-02,7.6694769e-02,-9.1947657e-02,-1.0850086e-01,4.0269147e-04,5.1594512e-02,-1.2454550e-01,-2.6497547e-02,-6.9310852e-02,-3.0671041e-02,6.3979298e-02,2.8760780e-02,6.1687483e-02,-4.6805774e-02,-5.4396967e-02,1.1338607e-01
-3.9817615e-02,-7.0973530e-02,-1.2023546e-01,-1.2732402e-01,6.1165715e-03,-8.4209368e-02,3.4171863e-03,-9.6783568e-02,-7.0486170e-02,-1.1184169e-01,-5.6073309e-02,-1.2960854e-01,8.6334425e-03,-1.5003753e-02,1.0088666e-01,2.7480351e-02,1.2145624e-01,1.0657053e-01,5.1550581e-02,8.9531842e-02,-1.5096412e-03,9.1217669e-02,-7.6305054e-02,1.7740626e-02,4.1960761e-04,2.6775399e-02,6.3684197e-02,1.1886734e-01,-6.7928170e-03,3.0975936e-02,-1.0041553e-01,-2.7309345e-02,-6.8302517e-02,8.5794166e-02,4.4383159e-02,7.3980223e-02,-1.0067551e-01,-9.1861508e-02,6.2884456e-02,5.7729353e-02,4.2345130e-02,1.2267430e-01,1.4760044e-01,-1.2835173e-01,-1.1361788e-01,-9.9516498e-02,-3.8797474e-02,1.0808758e-01,-1.0803465e-01,-7.0251275e-02,-4.4797056e-02,-9.4887334e-02,3.6560941e-02,7.0710678e-02,6.2899901e-02,-6.8314968e-02,9.4161398e-02,-7.4048336e-02,5.9701257e-02,-1.9053515e-02
-4.6964116e-02,-6.8781402e-02,9.1765189e-02,-6.1914804e-03,1.9470393e-02,1.2255692e-01,1.9544084e-02,-1.8935436e-02,1.2481384e-01,-2.7540074e-02,6.0197814e-02,3.6190103e-02,3.5854773e-02,-1.1116676e-01,-8.8141520e-02,1.2733945e-01,5.1635702e-02,-7.6294633e-03,6.5078203e-03,3.8099172e-02,1.0964782e-01,-2.3224201e-02,2.4026161e-02,-6.4823629e-02,-1.2161803e-01,-6.3803671e-02,1.3525559e-03,-7.8365267e-02,-4.4986325e-02,-1.0246420e-01,1.0384876e-01,6.1140025e-02,2.7886120e-02,-6.0262585e-02,-1.2036974e-01,-9.1972576e-02,1.0056542e-01,9.2362032e-02,8.5875749e-02,1.2068603e-01,3.6785024e-02,-1.0894345e-02,-5.1998182e-02,-8.8093296e-02,-1.1837841e-01,2.2357880e-02,-1.1166850e-01,2.8538001e-02,-1.7267635e-02,-6.5316590e-02,-2.0030193e-02,-8.9253077e-02,-1.2423338e-01,-6.2952548e-02,-2.3349277e-02,-1.3900941e-02,-1.2334031e-01,-1.0898012e-01,-1.2283591e-01,-1.1225179e-02
1.0021775e-01,-3.5055313e-02,1.6743258e-02,-9.7857297e-02,1.0436150e-01,7.3228920e-02,6.0361908e-02,1.7443361e-02,-2.9945965e-02,-3.0742941e-02,3.2094279e-02,-1.9690596e-02,3.2474055e-02,3.1751967e-02,4.8802614e-02,-6.3947688e-02,1.3715397e-01,-1.3457496e-02,4.9788648e-02,-8.1930022e-02,1.1534163e-01,3.1606286e-02,8.8993054e-02,5.1148434e-02,1.0837989e-01,1.2950345e-01,1.2698853e-01,-1.2326789e-01,1.1839363e-01,1.4629437e-01,2.4233311e-02,-9.4669451e-02,-4.6824095e-02,-2.2418859e-02,-1.7118108e-03,-1.1007586e-01,-3.8710696e-02,5.8944920e-02,-9.5154090e-02,1.1270647e-01,-4.5323984e-02,-1.3126414e-01,3.9774112e-02,-1.2369695e-01,3.2326756e-02,-1.5909500e-02,-8.9668054e-02,-9.5048725e-02,5.8922125e-02,4.4266449e-02,-5.7626775e-02,1.1311224e-01,-7.6265406e-02,-2.1433952e-02,-8.7313847e-02,-5.2313553e-02,5.7494803e-02,2.6353252e-02,1.0044957e-01,3.3724868e-02
-4.6139251e-03,6.7891227e-02,-8.6246009e-02,1.7265978e-02,1.1369967e-01,-2.3468959e-03,-4.7375092e-02,-5.0904357e-02,1.8513593e-02,6.4719154e-02,9.8799743e-02,8.2226141e-02,-3.7637181e-02,-2.4408257e-02,3.6228675e-02,3.3870524e-03,1.1140958e-01,-2.3420182e-02,-4.1151256e-02,-5.5807191e-02,5.4273443e-02,7.2882353e-02,1.0073909e-01,-5.6063167e-02,6.9492297e-02,8.9945444e-02,-3.4931891e-02,3.7479406e-02,9.2647694e-03,1.2870052e-01,1.1053835e-02,-2.1326394e-03,3.4616257e-02,-4.1772836e-02,-1.3297784e-01,3.6129413e-02,1.1094714e-01,-3.5604946e-02,-4.7433075e-02,6.9704804e-02,1.6718068e-01,-3.3275867e-02,-3.9141322e-02,-1.1682102e-01,-6.9820138e-02,3.7252871e-02,-1.3072192e-02,-9.5293803e-02,1.2113457e-01,-9.3343714e-02,-1.5191128e-02,1.5064094e-01,8.1952648e-02,-7.6969866e-02,8.4319674e-02,1.2045207e-01,1.5462526e-01,5.2770621e-02,-8.7915530e-02,7.5736102e-03
8.5993517e-02,-1.0194725e-01,2.7466431e-03,5.2080049e-02,9.1493534e-02,1.1178170e-01,-1.3220768e-02,6.3297465e-02,-9.3157356e-02,-1.6331135e-03,1.0335143e-01,-6.1500029e-02,7.2804766e-02,-7.0353626e-02,6.2600541e-02,-8.7112749e-02,1.8329609e-02,6.4757584e-02,3.8446436e-02,2.9851475e-02,-3.8689674e-02,-1.2622532e-01,4.7246973e-02,4.0930923e-02,8.3706965e-02,-5.5736958e-02,-1.2023644e-01,-8.7534166e-03,3.6155786e-03,-5.2258399e-02,1.1932092e-01,-4.4742686e-02,-2.9241907e-02,-1.2852829e-01,1.2671326e-01,-5.7638978e-02,-2.8905290e-02,9.1751078e-02,-8.9875576e-02,-7.9781330e-02,3.0736032e-02,-1.2395519e-02,7.8662206e-02,-2.8854348e-02,6.5299896e-02,-1.5635131e-02,1.0559766e-01,4.7253806e-02,-1.1805283e-01,5.5812202e-02,-9.1916921e-03,-2.6283584e-02,8.1918351e-03,1.6556468e-02,-1.1829163e-01,3.2166175e-02,-1.2813621e-01,-4.1682631e-02,-9.3762267e-03,3.5375898e-03
-1.1217227e-01,-1.5394976e-02,8.7406258e-02,-9.8841057e-02,1.5983152e-02,-1.9250932e-02,-2.2933019e-02,-5.3664339e-02,-9.8777688e-02,-6.6683255e-02,9.4774715e-02,4.3440272e-02,-7.6037201e-02,1.2478947e-01,-5.4425506e-02,-5.6814195e-02,-1.2179561e-01,-5.9739560e-02,-8.0669738e-02,2.5418533e-02,7.6675040e-02,1.1626764e-01,4.0837913e-02,8.5754518e-02,7.9424521e-03,-4.5521794e-03,-1.2129647e-01,6.5475119e-02,8.3559289e-02,-1.0880584e-01,5.6699499e-02,8.0054144e-02,4.7723923e-02,4.0683498e-03,-7.1177603e-02,-1.2829632e-01,-5.9931889e-02,7.1442469e-02,8.2514886e-02,-1.2479810e-01,-6.5864717e-03,-5.3199257e-02,9.0325095e-02,-5.7457308e-02,-7.4776713e-02,-7.8988789e-02,5.1810845e-02,-7.3351442e-02,-1.0387464e-01,9.1201578e-02,3.7112935e-02,-2.7193742e-02,-1.0953618e-01,1.2543041e-01,1.2983615e-01,-3.6740149e-02,-6.8537423e-02,1.0735369e-02,3.8445262e-02,-3.5194275e-02
8.8065901e-02,1.8007070e-02,2.1287418e-02,1.0470406e-01,-6.7041584e-03,1.1026558e-01,-5.1658401e-02,-5.9759948e-03,-5.4889560e-02,8.5004389e-02,-4.7733858e-02,7.4659409e-02,-3.5888135e-02,-1.3373279e-02,-8.0214053e-02,-1.4054822e-02,1.4014368e-01,-2.7186221e-02,-1.5392788e-01,6.5713521e-02,-1.3110067e-01,4.5701619e-02,9.3304841e-02,9.0438488e-02,1.4794455e-01,1.0645024e-01,6.2782204e-02,1.2448669e-01,9.6613848e-02,1.0731224e-01,1.0884569e-01,-1.2418407e-01,7.1619387e-02,1.0829492e-01,-1.2061454e-01,-7.8278499e-02,-1.2107251e-02,4.0709776e-02,3.3558646e-02,1.2948882e-02,1.4494767e-01,-3.4945277e-02,1.2368816e-01,1.1831593e-01,4.9490288e-02,1.5194297e-01,-1.3337065e-01,-2.2638516e-03,8.3559846e-02,1.2361038e-01,1.8460378e-02,-7.0331523e-02,1.0379356e-01,1.0682844e-01,-1.0877587e-01,4.6125865e-02,3.7934935e-02,7.9869337e-02,8.7895519e-02,-1.1874271e-01
-7.0895460e-02,-8.0870493e-02,-4.9972369e-02,-4.1004658e-02,-1.1686607e-02,1.4009337e-01,-1.4566496e-02,1.1412714e-01,-1.3221687e-01,1.0615968e-01,5.5451652e-02,9.8959616e-02,-1.0075806e-01,2.2326351e-02,-7.0364259e-02,1.1724094e-01,-9.1996473e-02,-5.1761675e-02,-3.0899715e-02,-3.8338885e-02,3.8617183e-02,-1.4635422e-02,2.2196809e-02,-9.0409957e-03,9.4208853e-02,1.9619557e-02,9.4952925e-02,5.0715955e-03,-1.1001172e-01,1.3717075e-01,-7.7317159e-02,4.6367433e-02,-4.0565021e-02,1.3786224e-01,2.2802731e-02,-5.6060809e-02,-2.5690022e-03,-8.4466908e-02,-9.6268694e-02,-1.1652354e-02,2.3061688e-01,-4.9252572e-02,-3.5951346e-02,8.2082921e-02,-8.8676557e-02,7.1860813e-02,-1.1567635e-01,1.2498193e-01,-3.8548095e-02,1.1329684e-01,5.6583597e-02,5.1301581e-02,1.9544562e-01,-3.2587915e-02,8.6894067e-02,9.9483486e-02,8.4137571e-02,5.6820507e-02,-3.1305842e-02,-1.1623916e-01
-3.4075424e-02,-8.2903827e-02,-1.0291492e-01,-9.7741837e-02,8.0608989e-02,1.3104628e-02,1.2353416e-02,1.2257585e-01,-1.0701987e-01,7.3033460e-02,4.6632452e-02,-3.9342066e-02,-5.7817062e-02,1.1103587e-01,8.7141665e-02,1.1493802e-01,1.2978232e-01,-3.9779661e-02,-3.5630808e-02,-8.5408782e-02,1.4072529e-01,-5.6585944e-02,1.2870242e-02,1.8170197e-02,-4.2258495e-02,-8.5786863e-02,1.2004239e-01,6.3975199e-02,5.7729652e-03,4.5477054e-03,6.1747628e-02,1.4776933e-01,9.7191690e-03,5.0813499e-02,1.9351270e-02,1.0586117e-01,-8.8927109e-02,7.0428140e-02,-1.0332185e-01,8.0128429e-02,1.0460718e-01,4.3782559e-02,2.4203477e-02,-4.0811019e-02,7.6109237e-03,2.5845580e-02,-6.1670183e-02,1.2916501e-01,-1.2536261e-02,2.4332317e-03,1.1751420e-01,-6.7148726e-02,-8.1631401e-02,7.5114123e-02,3.0059200e-02,-1.3435607e-01,1.1965394e-01,-7.9189380e-02,6.3709506e-02,5.6377029e-02
1.1428146e-02,-8.2853510e-02,6.5020430e-02,3.0445887e-02,-1.9933974e-02,1.9709288e-02,2.0003527e-02,7.6698188e-02,-1.3668503e-01,5.9384135e-02,1.2604461e-01,-1.1114497e-01,3.1106621e-02,7.5482648e-02,4.7906908e-02,2.5491343e-02,7.5225737e-02,-1.2410704e-01,-6.2672779e-02,-1.4051942e-02,-6.3618549e-02,3.0068649e-02,2.2018800e-02,3.3707081e-02,1.5214485e-03,9.1195448e-02,9.6908613e-03,-1.9311216e-02,-7.3213931e-02,-1.0707369e-01,-1.9939477e-02,1.1226911e-01,1.4503694e-02,2.9333608e-03,-1.3895839e-02,-1.2815521e-01,1.1757352e-01,1.0573275e-01,-5.8407218e-02,-5.7847773e-02,-7.6574412e-03,5.1122922e-02,-4.6367019e-02,-7.0959784e-02,-9.2667268e-02,-1.1052580e-01,-1.0153419e-01,4.5048423e-02,-9.3773080e-02,-5.2650222e-03,-5.9050310e-02,6.9512949e-02,-2.6621947e-02,5.7680922e-02,-6.9952171e-02,2.6766688e-03,-1.3110863e-01,-1.1170109e-01,6.8409688e-02,1.1107049e-02
1.3725582e-01,-2.1086829e-02,-1.5762101e-02,1.4110493e-01,6.7242964e-02,8.7193818e-02,-1.1431483e-01,1.1393103e-01,1.8467015e-03,-6.3867973e-02,9.1962494e-02,6.9756272e-02,-1.3953464e-01,8.6618445e-03,2.0442096e-02,7.2623106e-02,3.7744633e-02,-5.7691344e-03,1.4008957e-01,1.4751100e-02,1.9347478e-02,-1.1940579e-02,-2.1277730e-02,-6.3247962e-02,5.7457087e-02,-1.7457250e-02,-1.0742750e-01,7.4986767e-02,-1.2139298e-02,7.3265357e-02,1.0185752e-01,2.8910972e-02,1.3318221e-01,8.7818845e-02,-8.8865480e-03,1.2760005e-01,1.8142030e-02,-6.4528849e-02,6.1670746e-02,-3.1645732e-02,-8.9961578e-02,-6.4191878e-02,5.2106066e-02,1.1189700e-01,-7.6399052e-02,1.0640279e-01,-1.0394348e-01,-4.4833913e-02,1.1442852e-01,-1.4688252e-01,1.1570116e-01,1.4456155e-01,-8.0641341e-02,-1.1573277e-03,2.9735848e-02,2.3132804e-02,-3.9824665e-03,3.2784962e-03,6.9662319e-02,-7.4103099e-02
8.4394900e-02,-9.5856071e-02,9.4368823e-02,3.2480173e-02,-1.0642886e-01,-3.7263318e-02,-5.2305144e-02,-3.8931578e-02,5.0804696e-02,-9.6308797e-02,9.1927500e-02,-2.3692525e-02,1.5205005e-01,8.5215231e-02,1.8555652e-02,-7.8295098e-02,1.0698394e-01,-2.8003529e-02,9.3236336e-02,-7.4641485e-02,1.1997414e-01,-3.4219555e-02,6.7831529e-02,6.2380068e-02,6.2838391e-02,-2.1939849e-02,1.0135041e-01,-2.0786750e-02,-3.9208801e-02,6.3186897e-02,-4.9826838e-02,-6.5103911e-02,8.1266211e-03,-9.8973094e-02,-3.3339010e-03,1.0612347e-01,-7.3353279e-02,7.6499175e-02,-2.3150210e-02,-1.0232722e-01,6.8979406e-02,2.4484765e-02,1.0655604e-01,-8.4806351e-02,-9.6088134e-02,-9.1620309e-02,-3.2463895e-02,1.1728392e-01,9.5737867e-02,-3.8667507e-02,-1.0929287e-01,-1.3682606e-01,2.7145976e-02,-5.3241297e-02,-1.0873366e-01,-1.2326027e-01,7.7673216e-02,-1.2810991e-01,9.1939383e-02,1.0841874e-01
-1.3144221e-01,-4.7987551e-02,9.2168465e-02,4.2049901e-03,-1.8968352e-02,1.1042124e-01,8.5190730e-02,-1.1964620e-01,-1.6552777e-02,-9.2490533e-02,8.7351663e-02,1.4738115e-01,2.4526416e-02,5.7036157e-02,7.5537985e-02,4.6694368e-02,-1.1512597e-01,1.7925995e-02,-1.3753829e-01,-7.6447900e-02,-3.6192484e-02,-8.6361684e-02,-9.4770850e-02,5.7860578e-03,1.2087594e-01,3.1157377e-02,8.6924432e-02,-5.4387581e-02,-6.6223139e-02,4.5264495e-02,1.0402038e-01,-1.1336502e-01,1.2955438e-01,1.5859773e-02,7.0337935e-02,1.2145684e-01,-1.2784059e-01,-6.0627611e-02,9.9041962e-02,-1.6569134e-02,3.4718655e-02,-4.1866263e-02,9.4494389e-02,1.2565838e-01,1.4421345e-01,1.4188283e-01,-3.4846605e-03,7.1238397e-02,1.0086032e-01,8.7591152e-02,1.2158145e-01,4.2813704e-02,1.1195270e-01,1.0169361e-01,4.5155299e-02,-1.2261875e-01,9.6437857e-02,-1.0458105e-01,8.5723038e-02,-9.8140046e-02
-3.2255844e-02,8.0351259e-02,8.7948473e-02,1.0995653e-01,6.0542236e-02,-5.6559751e-02,-7.9007415e-02,-8.0686142e-02,-6.8372922e-02,1.0322032e-02,2.6631437e-02,5.0849128e-02,6.0530224e-02,5.5978697e-02,-8.5677033e-02,4.3924944e-02,8.1551041e-02,4.6766627e-03,-7.9279009e-02,6.5983903e-02,3.5739182e-02,-1.2369663e-01,2.6334611e-02,-9.7987140e-02,-1.4609153e-02,1.2642579e-01,-1.0037977e-01,1.1555364e-01,1.5578234e-02,4.3819994e-02,1.3631162e-01,8.4584198e-02,5.2322254e-02,3.3927526e-02,-9.2146422e-02,7.5609800e-02,-5.6017279e-02,-8.4454422e-02,1.3585594e-02,6.2818555e-02,1.5967600e-01,7.0039284e-02,-8.4171583e-02,-4.2185067e-02,-4.7858262e-03,9.2308584e-02,1.5241435e-02,-7.2165338e-02,-6.8171335e-03,1.1502061e-01,-1.3061642e-01,1.0580165e-01,5.3400405e-02,5.6415039e-02,1.0006450e-01,2.6191400e-02,8.7900287e-02,9.6963477e-02,7.8090209e-02,8.3616783e-02
-2.7211458e-02,-2.9640713e-02,-3.6173906e-02,7.8632490e-02,8.1078325e-02,7.3312803e-02,-3.3841401e-02,-1.4466028e-02,-3.3254377e-02,-1.1606126e-01,-7.3030624e-02,-1.4240572e-01,-6.4864768e-02,-1.2176799e-01,-5.2650541e-02,-4.6048104e-02,-6.5634992e-02,3.7298790e-02,-1.2555600e-01,-6.0417162e-03,3.1912506e-03,7.0945131e-02,-8.9066071e-02,3.5295566e-02,1.0439476e-01,6.9489608e-03,2.5997128e-02,-1.2066400e-02,4.6862602e-02,7.7073606e-02,1.4513967e-02,-4.7421447e-02,9.0904187e-02,4.1164262e-02,3.1645872e-02,5.2048991e-03,-2.2978163e-02,7.8406020e-02,1.0087017e-01,6.0598438e-02,1.1948177e-01,-5.0924703e-02,-5.3896459e-03,-7.8417256e-02,1.4906026e-02,-5.5549669e-02,9.6330899e-02,-4.0264075e-02,2.0172467e-02,4.1815296e-03,9.7790810e-03,-4.9964929e-02,-5.7938451e-02,-4.0668016e-02,2.6879761e-02,1.7688478e-02,-3.3440071e-02,-2.1709715e-02,8.2561561e-02,-5.2086798e-02
3.6210756e-02,1.1463869e-01,1.8383387e-02,-4.7384724e-02,8.2768598e-02,1.0359388e-01,-1.9511926e-03,1.0077678e-01,1.2846472e-01,3.7289739e-02,1.6958080e-03,-4.7339618e-02,1.6496744e-02,5.1783041e-02,-8.2074589e-02,-2.6724862e-02,1.0332706e-01,1.0604598e-01,-1.2692901e-01,-3.3080692e-02,-1.0498655e-01,2.0599925e-02,-5.2635694e-02,5.1136131e-02,5.8606233e-02,-5.6076454e-02,-1.3284258e-01,-3.1878505e-02,1.1571393e-01,-4.4339572e-02,6.7688369e-02,1.7854821e-02,-1.4483437e-02,1.3998463e-01,-4.4076390e-02,-4.5623715e-02,5.6732349e-02,4.3603850e-02,4.4590584e-02,8.7203479e-02,-6.0480613e-02,-4.8389631e-02,3.2128636e-02,5.4391917e-02,4.7321322e-02,7.1170106e-02,-7.2537078e-02,4.9434995e-02,-1.1420369e-02,1.0403462e-01,1.0607217e-01,-5.5663140e-02,6.1855723e-02,-1.3543043e-02,-4.7162230e-02,8.7642691e-02,2.0452082e-02,3.0047094e-02,1.6040523e-02,-9.3271278e-02
-8.5344842e-02,1.2422193e-01,-9.1894614e-02,-5.0254518e-02,-1.1845129e-02,-1.6637918e-02,6.2584379e-02,-6.9180096e-02,-5.3861847e-02,-1.4861795e-02,-5.3869923e-03,-9.8677257e-02,7.4573135e-02,9.9549453e-02,-9.6112770e-02,-7.2022855e-02,1.2523040e-01,-2.5940892e-02,1.0246720e-01,6.8397445e-02,5.4983479e-02,-8.3526494e-02,-6.3288516e-02,7.8454921e-02,-1.9822279e-02,-6.2765267e-02,8.8815176e-02,4.3625085e-03,6.6373573e-02,-1.2837510e-01,2.2765224e-02,-3.1674693e-02,6.3831633e-02,5.8647514e-02,-2.4902352e-02,-1.2751833e-01,-2.2493528e-02,-1.1568328e-01,9.5718933e-02,-6.0047720e-02,-8.6480537e-02,-1.5198418e-02,-1.1899429e-01,-8.4998578e-02,1.1132694e-01,-1.0785967e-01,3.8364460e-02,-6.0927337e-02,3.2346237e-02,-7.4597525e-02,1.1803638e-01,-3.7659682e-02,-1.0403183e-01,-4.6957776e-02,1.2354411e-01,-1.0449204e-01,1.1403624e-01,-2.1423082e-02,-9.0229681e-02,-5.9388596e-02
8.2158611e-02,1.5209048e-03,-1.3455337e-01,-3.8041495e-02,-1.3877436e-01,-2.9923042e-02,9.0904353e-03,2.8562723e-02,-6.0933062e-02,5.9659142e-03,-1.5718772e-02,3.1657980e-02,-1.2783157e-01,-9.5421863e-03,-6.9841249e-02,1.1188765e-01,-8.5464021e-02,-1.1111461e-01,-1.1009465e-01,2.4063821e-02,7.5789256e-03,3.9887536e-02,-1.0079281e-01,-3.6150581e-02,6.9235410e-02,-1.0252039e-01,1.0184146e-01,3.7080406e-02,-6.8988139e-02,6.3705196e-02,4.2063187e-02,-8.7422516e-02,7.1229584e-02,-1.2821685e-01,9.9880223e-02,-1.0332062e-01,-3.3796912e-02,1.1283299e-02,-7.6670203e-02,-4.9222791e-03,4.8708835e-03,-1.1992534e-02,-7.1319270e-02,4.4670578e-02,-1.2537927e-01,-8.1357632e-02,-3.6185140e-02,-1.0169261e-01,-1.0353906e-01,-6.2814988e-02,2.4126288e-02,1.0154977e-01,-5.6594645e-02,-9.0840920e-02,-1.0570392e-01,7.2642179e-02,4.8768243e-02,-1.1517119e-01,-8.6085670e-02,6.6004732e-02
7.2253222e-02,-6.3483043e-02,1.2855906e-01,-1.1489028e-01,-6.8108441e-02,2.1188999e-02,6.6428563e-02,-8.2645944e-03,1.2506882e-02,8.4856154e-02,-4.4142892e-02,1.1025023e-01,-8.5211809e-02,-6.0824396e-02,2.7109084e-02,1.1466578e-01,-8.1244246e-02,-9.6884919e-02,1.6896429e-02,-2.2181567e-02,1.2305095e-01,6.2699140e-02,-9.8576956e-02,9.9002401e-02,1.1096235e-01,-5.2354940e-02,-1.4263204e-02,2.4745949e-02,-1.0805810e-01,2.5660695e-02,8.1070302e-02,1.0843047e-01,8.1608250e-02,3.7497614e-02,5.8906461e-02,-1.0141905e-01,-5.9064581e-02,-8.8155295e-02,-9.7152676e-03,-3.9526539e-02,-8.4572943e-03,4.3681935e-02,8.5740121e-02,6.9708633e-02,1.2554064e-01,1.0535271e-01,3.1887058e-02,-8.0332802e-03,-7.6791682e-02,3.3621538e-02,-8.5722382e-02,1.6252334e-01,1.4522218e-01,1.0089372e-01,1.1516826e-01,-1.2837373e-01,1.7095698e-01,8.8549621e-02,9.9611380e-02,4.1893048e-02
-2.7709136e-02,5.8659018e-03,4.5198720e-02,-1.0154120e-01,9.2971088e-02,5.2326718e-02,-1.0311393e-01,-1.0354529e-01,-3.4535072e-02,8.0799018e-02,7.8300696e-02,8.6850321e-02,-5.6842074e-02,1.2693848e-01,1.9338460e-02,1.9189469e-02,1.0465008e-01,-4.8386005e-02,-5.3971232e-02,-2.3824564e-02,-9.0554123e-02,1.3494830e-03,1.2138626e-01,2.7937991e-02,8.6444802e-02,-3.6480002e-02,-1.0416490e-02,9.5557922e-02,-1.4308648e-01,9.9156426e-02,-4.2983900e-02,-1.3233976e-03,-6.7494169e-02,1.0184919e-01,8.8198849e-03,4.5931193e-02,1.0823820e-01,2.0464498e-03,-8.3844072e-02,8.6722342e-02,-5.4667821e-02,-7.7513959e-02,3.3216890e-02,-7.0084780e-02,-1.0685082e-01,7.8847148e-02,-4.9982212e-02,1.2435194e-01,-8.5151988e-02,-9.5894326e-02,6.9069948e-02,-8.6584523e-02,6.4304342e-02,4.8192485e-03,1.0037271e-01,-7.9440764e-02,1.2047817e-02,1.2892330e-01,-1.3334798e-01,-1.0522182e-01
6.3420097e-02,-9.2544464e-02,-1.0737496e-01,6.7415000e-02,-2.7843655e-02,3.5936906e-03,6.4421458e-02,4.6072502e-02,-1.9767437e-02,5.7680267e-02,8.2231237e-02,6.3187632e-03,7.3876107e-02,-1.0554305e-01,1.1937171e-01,-1.0771678e-01,-6.9302006e-02,-1.2516980e-01,-1.0680605e-01,6.5354507e-02,-1.1217271e-01,-5.2633512e-02,-5.0048486e-02,-1.1169990e-01,-4.1825983e-02,2.1264849e-02,-1.4424733e-02,-1.1489574e-01,-9.9530931e-02,-1.0038507e-01,-1.2049529e-01,1.3473264e-02,8.0708730e-02,-3.0795274e-02,-9.1059890e-02,-1.0165973e-01,-1.3354252e-02,-4.9372440e-02,-3.9701300e-03,1.1457490e-01,1.7834730e-03,-1.0250118e-01,-6.3929590e-02,-5.7354715e-02,-4.8298089e-02,7.1278856e-02,-7.4830953e-02,1.1007964e-01,-7.7356315e-02,1.1439714e-01,3.8112321e-02,-1.1396472e-01,-1.4681776e-02,-7.2546307e-02,-1.0614093e-01,3.6954637e-02,-9.6227408e-02,-1.8041526e-02,5.5930318e-02,1.1922634e-02
6.1358220e-02,-9.6209584e-02,-1.2422579e-01,1.3614631e-01,-1.1133156e-01,-5.5976976e-02,-2.8170119e-02,-6.3033726e-03,7.1628000e-02,1.0137506e-01,-2.3710729e-02,8.5902403e-02,-1.5815455e-02,9.5377549e-02,5.4107081e-02,-6.5537014e-02,4.4329800e-02,6.8821589e-02,-4.8412203e-02,2.8952325e-02,-1.8028122e-02,3.7599139e-03,-5.1459503e-02,-1.0550660e-01,5.1411913e-02,-1.1196211e-01,-1.0123457e-03,-8.8216079e-02,1.2288975e-01,-8.5589311e-03,1.1058683e-01,-6.7008821e-02,-1.0443870e-01,-1.9658743e-02,8.4571075e-02,-4.1824261e-02,-1.1849785e-01,-7.1507912e-03,7.7717188e-02,9.1780215e-02,-6.4068986e-02,-9.0403072e-02,-3.9853476e-02,-4.1983443e-02,1.0394572e-01,-2.6289642e-02,3.1557203e-02,8.9364497e-02,-2.4585417e-02,1.6807373e-02,-3.7302946e-02,1.9498358e-02,8.4594542e-02,8.0669261e-02,-3.1552508e-02,7.3851053e-02,-1.1520881e-01,-8.8195163e-02,-1.5138383e-02,1.2863708e-01
-3.1314609e-02,6.7677630e-02,-1.5159401e-02,-7.5053139e-02,-5.5844445e-02,3.1316058e-02,-8.2146631e-02,4.3070800e-02,-2.4435462e-02,-5.8768889e-02,-1.5995753e-02,1.3833097e-02,-7.6139837e-02,-3.5676603e-02,-8.7353894e-02,-6.0377665e-02,8.7792299e-02,-6.7422064e-03,-1.2629363e-01,-8.8722049e-02,-6.1605650e-02,-4.5613103e-02,1.2980615e-02,1.2497256e-01,6.4672287e-02,-1.0138066e-01,5.2266089e-02,-3.2934216e-02,-1.1505164e-01,-1.1931110e-01,6.6283571e-02,-1.0244090e-01,-2.6684239e-02,-9.4645193e-02,7.9037175e-02,1.2342700e-01,9.5464452e-02,6.4047167e-02,8.0355905e-02,-8.2438986e-02,4.8788347e-02,8.6986074e-02,8.3932773e-02,-7.5567038e-02,-3.1923221e-02,-6.0089347e-02,-8.7501432e-03,-5.7637043e-02,5.1727470e-02,-2.7133499e-02,3.0070845e-02,-6.9162141e-02,4.8298785e-02,-1.2042778e-01,-1.2196813e-02,-1.2606926e-01,-7.4678338e-02,-1.1172957e-01,2.9202946e-02,6.7250335e-02
3.5598603e-02,4.9791883e-03,5.9210231e-02,1.1350598e-01,1.2237844e-01,1.3868886e-01,1.0246075e-01,1.1961754e-01,-1.4304491e-03,5.1416719e-02,1.1438761e-01,-5.8627603e-02,1.0185936e-01,1.1376807e-02,-1.2302149e-01,2.1440766e-02,3.3635804e-02,-7.8650673e-02,7.8884143e-02,-1.0372987e-01,1.0452958e-01,5.1431612e-02,-2.3577842e-02,4.1385473e-03,-4.3413354e-02,-1.2892943e-02,-5.9060436e-03,2.1572591e-03,9.6794533e-02,8.6861633e-03,-8.3779692e-02,6.0771244e-04,7.4750410e-02,7.9433316e-02,-5.8600171e-03,-2.3285061e-02,-1.1654602e-01,-1.2257639e-01,-2.0009535e-02,6.5668819e-03,7.4967323e-02,6.6706402e-03,1.4811591e-03,1.1673957e-01,-6.6280763e-02,-4.1846648e-02,-4.2894895e-02,1.4521493e-01,1.0340827e-01,-2.5360520e-02,2.7469069e-02,8.2452904e-02,1.2790661e-02,6.1116846e-02,1.0043155e-01,3.7781556e-02,8.7023259e-02,2.4141505e-03,3.7990590e-02,-4.5889508e-03
-1.0382146e-01,1.1967526e-01,1.1717630e-01,-9.2721644e-02,2.5540753e-02,1.3031639e-02,-1.0613776e-01,-8.8059552e-02,-9.7899796e-02,5.7690262e-02,-6.0796816e-02,-5.8466950e-02,8.0313352e-02,2.2573472e-02,-8.0038398e-02,-5.8298147e-02,1.0383806e-01,-2.4043577e-03,8.1337662e-02,8.0642585e-02,-3.8463889e-02,-1.3829490e-02,-1.0807824e-01,9.5731484e-02,-7.4578254e-02,-5.7132211e-03,3.2540926e-02,7.1448358e-02,-7.7421436e-02,-9.7979557e-02,-1.1363687e-01,8.2531777e-02,7.8263312e-02,1.1133206e-01,-1.9629456e-02,1.2740645e-01,2.8762642e-02,-8.1766151e-02,-6.9940264e-02,-8.1950377e-03,1.5865417e-01,-1.0849712e-01,-1.2557703e-01,-8.6141906e-02,8.4964689e-02,1.6068974e-01,4.8998860e-02,-4.7420352e-02,-7.1308804e-02,-4.0095949e-02,3.6781071e-03,9.5336425e-02,1.2253373e-01,5.5827805e-02,-6.2780181e-02,-1.1445084e-01,2.2062488e-02,6.4990685e-02,1.2774198e-01,1.6708491e-02
-1.2042386e-01,-3.7797835e-02,-1.2301321e-01,-5.0852771e-02,1.0290201e-01,1.3109532e-01,-4.4939268e-02,2.2788656e-02,9.5797614e-02,1.1170355e-01,5.0984913e-02,3.7274796e-02,8.7521214e-02,7.7907289e-02,6.4457324e-02,9.4067223e-02,3.9510341e-02,-3.9754722e-02,-4.7398522e-02,-4.7527918e-03,3.7740841e-02,-5.0171800e-02,1.9852429e-02,-4.4803204e-03,-7.0705848e-02,1.4225813e-01,6.1664277e-02,5.0515743e-03,8.2869238e-02,1.2857463e-01,-4.3983988e-02,8.6006136e-02,6.5102295e-02,5.1287986e-02,-3.5761894e-02,-9.5390160e-02,2.6563422e-02,-9.9892289e-02,8.3983452e-02,-4.3160051e-02,4.1144829e-02,-1.2826142e-01,1.0511092e-01,1.8091861e-04,8.6320080e-02,3.1134533e-02,-9.1875508e-02,-7.2393429e-02,6.3501136e-02,-5.2263668e-02,-5.6237904e-02,2.1513626e-02,4.6619312e-02,-1.1328082e-01,-1.0285197e-01,-4.4766765e-02,-2.2708550e-02,5.9669636e-02,-8.9288562e-02,8.4271035e-02
2.0213167e-02,5.1755418e-02,-3.0780237e-03,-1.0045499e-01,-4.5340333e-02,9.8997625e-02,6.9162852e-02,-1.0798687e-01,-1.0521385e-01,1.2851871e-01,3.2342604e-02,-1.7553183e-03,7.3356204e-02,4.0874082e-02,-4.9935962e-02,-6.4176281e-02,1.0317466e-02,-8.9464896e-02,-7.4756161e-02,-9.4929545e-02,-9.3736974e-02,-9.0660293e-02,-9.6585646e-02,1.2681782e-01,9.2559156e-02,1.6528822e-02,9.8968556e-02,-4.4881631e-02,1.1274402e-02,8.8757852e-02,8.8813721e-02,-7.3493144e-02,2.6286294e-02,2.0604407e-02,-8.5288012e-02,1.1796630e-01,5.0259019e-02,9.2558311e-02,-5.1072969e-02,-3.1026875e-02,4.8453393e-02,2.2814003e-02,5.9900103e-02,-1.1934816e-01,7.8849796e-02,-5.0874034e-02,-9.4470093e-02,1.1501823e-01,2.4740365e-02,9.7773037e-02,1.1736343e-01,-4.6514518e-02,1.7840591e-02,7.5655505e-02,-9.7409152e-02,6.5701526e-02,-9.0376068e-02,-9.0160536e-02,-8.9665932e-03,1.1203149e-02
-4.2330265e-03,9.4124846e-02,-4.9463067e-02,2.7049207e-02,2.2376871e-02,8.1656923e-02,7.4689126e-02,8.8268665e-02,4.0080614e-02,-7.4967464e-02,1.2410610e-01,2.3610596e-03,-2.0392943e-02,-1.0851654e-01,2.5185679e-02,-6.6077528e-02,-1.3928152e-01,2.1918157e-03,-2.0914257e-03,-1.0950539e-01,9.9198265e-02,4.0618061e-02,6.0310872e-02,5.9227542e-02,-7.3214589e-02,-8.7201486e-02,-8.4514556e-02,2.5973518e-02,1.0460403e-01,2.9193283e-02,1.0451009e-01,8.4932443e-02,1.7682896e-02,-7.5814769e-02,3.6259793e-02,-8.2363258e-02,-3.5686907e-04,-2.4590982e-03,1.0770555e-01,6.1204175e-02,5.3128538e-02,7.4837531e-03,4.5720084e-02,1.2464572e-01,2.0676067e-02,1.1340985e-02,-9.9670192e-02,2.8303282e-03,-9.7019619e-02,3.0456487e-02,1.1042871e-01,7.2862220e-02,-1.6454577e-01,-2.3477680e-02,5.9551232e-02,-2.7921262e-02,-1.4324892e-02,1.2054609e-01,1.5378622e-02,-9.3480623e-02
2.4596652e-02,-9.1305778e-04,9.8264558e-02,-6.5391818e-02,-9.3239436e-02,-1.2838699e-01,1.0404641e-01,-1.2369751e-01,-2.3405972e-02,7.8701957e-02,-4.6866336e-02,-9.2741510e-02,4.5523533e-02,-7.3920872e-02,-1.1311267e-01,1.3710875e-01,-8.4751229e-02,9.9322759e-02,-2.9698721e-02,1.4680972e-02,7.3858578e-03,-5.8548524e-02,-1.0542351e-01,1.0343336e-01,5.6989906e-02,-7.5959743e-02,-7.6549410e-02,6.7054501e-02,-3.4972050e-02,-3.3460475e-03,-1.2697908e-01,6.9683396e-02,-1.2303900e-01,-2.5869348e-02,1.0437026e-01,6.7310861e-02,-1.1756241e-01,-3.6843559e-02,-2.0596942e-02,7.0843178e-02,-7.3045469e-02,-2.9608734e-03,4.8942811e-02,9.5436539e-02,-5.0648000e-03,-9.6399584e-02,-1.3080116e-02,-1.0055038e-01,9.1499537e-05,-1.1889752e-01,5.2302955e-02,3.2400006e-02,5.4391691e-02,1.0750111e-01,-4.3428790e-02,7.2557446e-02,1.0295103e-02,1.0759113e-01,5.1667852e-02,7.7846848e-02
-1.3250301e-01,-8.5945199e-02,5.6442022e-02,-5.1036684e-02,1.2404947e-01,1.3325269e-01,8.3462835e-03,-3.9255170e-02,1.1085674e-01,-7.7386177e-02,-5.6120791e-02,1.8948879e-01,5.7407193e-03,-2.9863688e-02,-5.5879183e-02,-1.1870222e-01,1.7470173e-01,-1.3601988e-01,-1.2394590e-01,2.6826637e-02,1.1089704e-01,-8.8723242e-03,4.0909869e-02,-9.1840433e-02,-3.3653921e-02,2.0344045e-02,1.3757606e-01,2.7631141e-02,9.0089948e-02,1.0338154e-02,5.2158290e-02,-3.6604508e-02,6.4009376e-02,-1.7084179e-02,-1.4685491e-01,6.3882866e-02,-7.4035662e-02,-1.0609056e-02,-9.0131740e-02,-9.1535355e-02,9.4049805e-02,-2.1616120e-02,2.3134642e-02,1.8133967e-02,8.2151689e-03,4.3705354e-02,7.9053673e-02,2.1511681e-02,7.6957747e-02,3.4447139e-02,3.0144513e-02,9.7168312e-02,1.3657434e-01,-5.7051729e-02,8.0010617e-02,-9.3124550e-02,-6.2150050e-02,-8.4313649e-03,1.1039633e-01,-9.7902338e-02
1.4652400e-02,-1.1188160e-01,-5.9775701e-02,1.1467957e-01,-9.5034424e-02,3.1452092e-02,7.7031981e-02,-4.5180120e-02,1.0832892e-01,7.4668871e-03,7.8846758e-02,3.5162027e-02,-1.3312116e-01,-1.5149390e-02,-8.1266984e-02,1.2183025e-01,1.0457854e-01,9.0852715e-02,8.7633189e-03,-9.7115000e-02,-2.7588084e-02,4.1710583e-02,1.1353361e-01,-1.0559881e-01,1.2102818e-01,1.0242814e-01,-1.3021556e-01,4.1451795e-02,-1.2218770e-01,5.2632869e-03,-7.8390772e-02,-2.9005902e-02,-1.1395053e-01,-4.7334979e-02,-1.6474583e-02,-6.4423390e-02,-1.5155907e-02,-9.1586314e-02,-4.7241984e-02,-8.6216398e-02,-1.2551640e-01,-2.6751424e-03,-1.1011725e-02,-2.9533231e-02,8.0013245e-02,9.7457325e-02,1.0727159e-01,6.3479635e-02,4.4057824e-02,1.2133595e-02,-1.2445011e-01,1.0869643e-01,4.1459519e-02,7.6335731e-02,4.7886558e-02,-5.6318274e-02,-2.3826006e-02,-1.1205763e-01,1.0972730e-01,-2.2143163e-02
-9.7267020e-02,3.3859612e-02,4.4679961e-02,6.4944329e-02,8.2398540e-02,-8.1956177e-02,-4.5539086e-02,9.7796270e-03,7.6287795e-02,-6.3531829e-03,-8.4225377e-02,1.3139044e-02,1.5813923e-02,7.6925858e-02,8.7405398e-03,-5.8312167e-04,-2.1213718e-03,-7.7140125e-02,1.1699163e-01,-2.0291837e-02,1.0863946e-01,5.7119803e-02,-5.6541286e-02,-1.1342433e-01,-4.0121661e-02,-2.4358903e-02,-1.2685978e-01,1.3007105e-01,1.1596877e-01,3.1580380e-02,-1.0427390e-01,-3.7133807e-02,-4.3432509e-02,-3.9187346e-02,7.9347630e-02,1.9046559e-02,-6.7927609e-02,2.0852395e-02,4.9379610e-02,1.0963361e-01,4.3963994e-03,1.2973143e-01,-1.1966783e-01,-7.5980434e-02,9.7477641e-02,-1.0172753e-01,-2.7597347e-03,8.8065395e-02,-1.8941911e-02,7.8927412e-02,-1.5219674e-02,-2.2939775e-02,1.2492200e-01,1.3016520e-01,3.8934045e-02,1.1318748e-01,6.7052042e-02,1.2263175e-01,9.7450000e-03,-5.9119303e-02
-7.3150807e-02,3.1249684e-02,-8.2630522e-02,-1.1563383e-01,3.1414560e-02,-2.2164765e-02,-3.0833318e-02,4.0920164e-03,4.9754845e-05,-9.8865815e-02,1.1731877e-01,1.9954532e-02,1.0341068e-01,1.6576806e-02,5.2388599e-02,-1.0143181e-01,-8.6155085e-02,-9.5501215e-02,1.1871827e-01,-3.4400327e-03,1.4559557e-01,-9.1649553e-02,1.0427165e-01,-1.0723258e-01,-5.3857191e-03,-9.1986080e-02,8.7978768e-02,3.3955640e-02,5.1399265e-02,1.1900854e-01,3.9701695e-02,-1.1731729e-02,-2.5308702e-02,5.1817716e-02,-8.5825450e-02,-3.1191123e-03,-6.2745862e-02,-7.9594728e-02,-2.2563037e-02,-9.3017495e-02,-6.9102405e-02,1.2432954e-01,-8.2427513e-02,-1.8951628e-02,-1.1885138e-01,-4.8493411e-02,-5.0304522e-02,4.1728559e-02,-9.7908879e-02,-3.1433742e-03,-1.0911736e-02,6.2415788e-02,-6.3937174e-03,8.5359375e-02,-6.7705059e-02,1.2824451e-01,5.1589801e-02,8.8124167e-02,-6.6169936e-02,-7.5036885e-02
3.8531367e-02,-1.6675317e-02,-1.1601816e-01,1.1675233e-02,-5.8550182e-02,9.5924313e-02,7.4245959e-02,1.1408162e-02,-9.4285244e-02,-1.0695521e-01,3.4167812e-02,-1.1471001e-01,8.5762351e-02,-1.2139000e-01,-1.6279641e-02,-1.0536241e-01,4.9644476e-02,1.2190488e-01,8.6292575e-03,-3.3640892e-02,1.1599923e-01,1.0749304e-01,8.2295449e-02,-9.0269817e-02,-2.8969865e-02,-9.7915521e-02,1.2363977e-01,-3.9113043e-03,-1.0394081e-01,-5.0012540e-02,1.2274353e-01,7.0446651e-02,8.2046802e-02,-4.8827792e-02,-4.8564977e-02,5.9093662e-02,7.4435318e-02,-6.5778407e-02,-1.0079907e-02,-5.5000114e-02,6.1300683e-02,9.1577683e-02,9.7985505e-02,1.4961304e-02,1.1747862e-01,1.0842295e-01,-8.7101544e-02,-4.1629562e-02,-4.4893430e-02,3.6275777e-03,-7.4187319e-02,-8.3690193e-02,5.4209968e-02,5.9640637e-02,-6.3591188e-02,1.0946315e-01,-2.2955965e-02,-1.2317931e-01,-9.0587630e-02,1.0132719e-01
7.2094736e-02,5.1318240e-02,-8.2243624e-02,7.1615515e-02,1.1811567e-01,3.5674485e-02,3.7601230e-02,9.5242844e-02,6.5232619e-02,1.3792338e-01,4.1734936e-04,2.0353474e-02,-8.6130724e-02,9.6307357e-02,1.3083264e-01,-1.0498574e-01,1.2010768e-01,4.9432512e-02,-5.8397318e-02,-1.0708981e-02,-4.0964890e-02,-1.9364612e-02,-1.7086220e-01,4.7002529e-02,-1.5250167e-02,5.0996494e-02,-2.3516879e-02,-2.8209674e-02,-1.4664991e-01,-1.1551943e-01,-7.5328843e-02,8.3974403e-02,9.1500820e-02,-4.8760685e-03,4.4784326e-02,5.7077432e-03,8.4914603e-02,1.1365576e-02,1.1525518e-01,7.1974818e-02,-5.4207793e-02,-4.0152203e-02,-1.7504483e-02,1.1865171e-01,-1.2094022e-01,-7.1469556e-02,-8.6494955e-02,-1.0147380e-01,1.1893775e-01,1.5921700e-02,-7.3329828e-02,3.2480006e-02,-8.0955208e-02,4.0217855e-02,-3.1596351e-02,-4.6568624e-02,-4.3093847e-02,1.2056581e-01,-1.2730859e-01,5.8584486e-02

-6.9047796e-02,1.0952244e-02,-3.1418777e-02,1.5030072e-02,-7.1578860e-02,-3.0647050e-02,6.3589684e-02,-9.3038293e-02,-9.6209246e-02,-1.1595921e-01,-6.4646943e-02,-1.3542997e-03,2.9277584e-02,-9.3594886e-02,-1.9902232e-02,1.1540952e-01,-6.1073563e-02,4.4763397e-02,-9.1574395e-02,-1.1402674e-01,-2.1664440e-02,-7.7095582e-02,1.2608636e-01,-1.1423888e-01,-3.5311882e-02,-9.2075308e-02,6.8693769e-02,-7.5662696e-02,1.1474025e-01,5.2158912e-02,6.9768906e-02,-1.2322181e-01,-9.4506828e-02,7.8159702e-02,-1.5786232e-03,-3.7908154e-02,4.4036827e-02,2.1895794e-02,-5.1611786e-02,-2.8536438e-02,-8.6509385e-04,5.2197389e-03,1.0197752e-01,-1.2821501e-02,-5.7213905e-02,-1.0175178e-01,-1.1896945e-01,1.6134485e-02,4.0153921e-02,-8.0790022e-02

-1.6648663e-02,-9.3763845e-02,5.7765846e-02,-8.2246332e-02,1.0848483e-01,-4.0321467e-02,1.0198109e-01,-3.2973113e-02,-1.0369907e-01,6.8994242e-02,-1.6866240e-01,5.4017104e-02,1.1653210e-01,5.0246537e-02,7.1021323e-03,-1.1637780e-01,-7.0541925e-03,-7.5658052e-02,-4.3389940e-02,-2.8604707e-02,5.8162759e-02,-1.9358745e-01,-1.1709192e-01,-6.9452670e-02,9.2865914e-02,4.0357688e-02,-6.0555277e-02,-3.8240037e-02,-5.2877390e-02,-7.0424271e-02,3.1145369e-02,5.4606662e-02,-7.0045976e-02,-9.1776454e-02,8.3360546e-02,8.7882372e-02,1.0514047e-01,6.5333868e-03,-5.3052426e-02,-7.0331478e-02,-1.2751887e-01,-9.6832869e-02,4.7724729e-02,-2.1172179e-04,-9.4471547e-02,8.7341529e-02,6.1800405e-02,-7.1114208e-02,4.5577474e-03,-2.1647088e-02
-4.9829464e-02,-1.0975930e-01,-1.6591112e-02,-3.8964861e-02,1.0556211e-01,-3.3632337e-02,-9.4155263e-02,-5.5120609e-03,-1.2792859e-01,-2.9005826e-02,4.8160944e-02,-3.5824709e-02,1.0331586e-01,-2.6134287e-02,-8.6219162e-02,1.6948430e-01,-2.8565684e-02,-2.6209680e-02,-1.5657242e-01,7.5070316e-02,5.4065701e-02,-1.9672643e-01,-1.2878558e-01,1.1223811e-01,1.2812388e-01,8.9206163e-03,9.6816678e-02,-2.0329238e-01,-1.6757500e-01,5.5517128e-02,-1.4475787e-01,4.4293251e-02,-1.9272440e-02,-3.1812807e-02,3.8010342e-03,-1.1473978e-01,1.0131282e-01,1.0507374e-02,-1.1895543e-01,-2.5262111e-02,-9.2247112e-02,1.4851727e-02,-3.8409430e-02,7.2073812e-02,-1.3141984e-01,5.2652302e-02,-6.1367808e-03,1.0073182e-01,1.0693706e-02,4.7810230e-03
7.8869250e-03,-1.1742026e-01,-1.2611270e-01,1.4501936e-01,-6.9407191e-02,-1.1273605e-01,5.9597193e-02,2.7512120e-02,1.0501002e-01,4.6908623e-02,7.1177926e-02,1.3185238e-01,-1.4831547e-01,5.2210250e-02,-1.9112967e-02,4.8940486e-02,-1.0919314e-01,-2.7973417e-02,4.7774178e-02,-4.2922055e-03,4.2376984e-02,3.7040271e-02,9.7625484e-02,1.1003958e-01,1.3339468e-01,8.8594003e-02,-7.1131717e-02,3.3541912e-02,-5.0154527e-02,-7.7822318e-02,5.0197442e-02,-1.0375949e-01,7.4395197e-02,8.5866640e-02,7.5751490e-02,-6.6294225e-02,3.5543271e-02,-1.2822408e-01,1.1400763e-01,4.0462125e-02,-1.0178493e-01,1.0884111e-01,-9.2763075e-02,-8.8072147e-02,-7.7373929e-02,-6.9410717e-02,9.1774547e-02,7.6212947e-02,-7.9584818e-02,6.8845947e-02

9.6624633e-02,1.0884062e-01,9.0431884e-02

