2.7861935e-01,-2.3533633e-01,-4.9940512e-02,-8.5948548e-03,3.0326993e-02,1.5400307e-01,1.0673529e-01,9.2635658e-02,7.6028212e-02,2.7855684e-01,1.1298738e-01
-1.7124684e-01,2.8184584e-01,-8.6881151e-03,2.7703272e-01,1.5710075e-01,-4.3410411e-02,4.2503463e-02,1.7621644e-01,-5.0670462e-02,2.8661557e-01,-1.8143231e-01
-2.6246589e-02,-2.1006882e-03,1.0473574e-01,-6.0774124e-02,9.3724207e-02,-2.4548585e-01,-1.5824586e-01,2.6724046e-01,-2.0747987e-01,-1.4488972e-01,-9.4855361e-02
-8.3033262e-02,2.8167060e-01,2.3421250e-01,-1.9708162e-01,2.3161936e-01,-1.2331379e-01,-4.0511437e-02,-7.4448259e-02,-1.5918085e-01,3.1560780e-01,1.4528833e-01
2.0989097e-01,2.0066144e-01,2.0177543e-02,-5.3173940e-02,-1.9152908e-01,2.2584023e-02,9.6627196e-02,4.5362592e-02,-4.6705215e-02,-2.7020523e-01,-2.4062408e-01
5.4981550e-02,-1.4148814e-02,-2.5846634e-01,-2.3947307e-01,-9.1612802e-02,-2.3918863e-01,1.7542211e-01,2.7827361e-01,2.2456946e-01,-1.4166257e-01,-6.7814175e-03
8.9075052e-02,-1.0868990e-01,-7.3447508e-02,-1.6231219e-01,2.0317039e-01,-8.0284232e-02,-7.7290600e-02,6.4552655e-02,-2.9075250e-01,-5.4971202e-02,1.6033068e-02
1.1298289e-01,-2.6892466e-01,-4.3847189e-02,-1.7309889e-01,4.0120838e-01,-2.7146830e-02,1.2855497e-02,2.5580969e-01,1.9269611e-01,1.9574676e-01,-1.5336020e-01
1.6359753e-01,1.1015870e-01,-2.5432009e-01,-1.7718319e-01,2.9302000e-01,-3.0894560e-01,9.3225446e-03,-4.4151291e-02,-1.9568555e-01,6.2037955e-02,-1.8054384e-01
1.8840661e-01,1.6433523e-01,-1.2526608e-01,-1.6265246e-02,-1.0198257e-01,-3.1717118e-01,1.2844996e-01,1.7084735e-01,-3.9474053e-02,1.4351087e-01,-1.1473459e-01
-2.8491457e-01,-4.2098729e-02,1.8720635e-02,-2.9726586e-02,-2.5171807e-01,1.1091734e-01,1.0982020e-01,-1.9783488e-01,-1.0994188e-01,-2.6267856e-01,-2.1767623e-01
-7.1819594e-02,2.9544895e-01,1.6545699e-01,-2.6270246e-01,-8.1362391e-02,5.2666823e-02,-2.4281320e-02,-2.5467355e-01,-1.8398471e-01,-5.9588625e-02,1.2900900e-01
-2.7276131e-01,1.6799841e-01,1.4136023e-01,-1.0701636e-02,-1.9586477e-01,-1.2426768e-01,2.3575340e-01,-6.5189400e-02,1.7271799e-02,1.6902118e-01,2.9403425e-01
1.5730011e-01,4.7255755e-02,1.9371561e-01,-1.4935716e-01,-1.7405348e-01,-2.2120032e-01,5.9394966e-02,1.3121653e-01,3.1603639e-01,1.3950770e-01,2.3539070e-01
2.5349492e-02,-2.8247509e-01,2.9363476e-01,1.4871943e-01,1.9390650e-01,-2.0099214e-02,-7.6887376e-02,-1.9925366e-01,-6.2015159e-02,4.4324075e-03,-3.2912560e-02
-6.6029191e-02,-5.6825978e-03,2.4777962e-01,-6.8117246e-02,5.5222147e-02,1.7440927e-01,2.3720294e-01,2.4791774e-01,2.6041689e-01,1.4769194e-01,9.8419869e-02
-1.2973457e-02,-2.6801918e-01,2.2243381e-01,-6.8408358e-02,-1.6730837e-01,-2.9291569e-02,-1.4790844e-01,2.8876828e-01,-5.1109277e-02,-2.8111993e-01,-2.8965615e-01
2.6341891e-01,2.9928306e-02,-3.7787938e-02,3.2872058e-02,-2.3314711e-01,1.7146526e-01,-2.4755260e-01,-2.8970783e-01,-2.5172656e-01,2.6872352e-01,-1.1658669e-02
2.5184170e-01,2.5827138e-01,2.9922693e-01,-1.3301049e-01,3.2396070e-01,4.4267492e-02,-2.8897575e-01,2.8243882e-02,6.3214863e-02,7.1729647e-02,1.9633737e-01
-5.4300273e-02,8.5740341e-02,-2.3295615e-01,4.9451591e-03,3.2915903e-01,-6.1520089e-02,-2.0922349e-02,-5.7134314e-02,-1.7064206e-01,2.7233381e-01,-9.7651834e-02
-2.4147185e-01,-3.7913779e-03,-1.5675175e-01,-3.3983945e-01,2.9969792e-02,1.7946860e-01,9.6647540e-02,2.4563761e-01,-2.4038010e-02,-1.6524654e-01,-2.0001434e-01
3.4728856e-02,2.4693295e-01,2.2137115e-01,2.3715461e-01,-1.1492786e-01,6.2782222e-02,1.9311377e-02,1.5292813e-01,-2.3825781e-03,-1.1158827e-01,-1.2716528e-01
1.8974063e-01,2.4352699e-01,1.5051403e-01,3.1002452e-01,1.7604364e-01,3.2570957e-01,-2.6382605e-01,-2.0869894e-02,2.8558253e-01,1.5343643e-01,2.2719522e-01
-4.7639435e-02,-2.6868926e-01,7.8460062e-02,8.1925376e-02,-1.0717025e-01,-1.7791298e-01,1.6559635e-01,2.6249774e-01,1.9119776e-01,1.4921542e-01,2.1852978e-01
-2.4010003e-01,-2.6497763e-01,-2.3181829e-01,-9.4157156e-03,8.8101266e-02,-1.2622373e-01,-2.1187175e-01,8.8816525e-02,2.5427809e-01,-2.5089830e-01,-2.1948358e-01
-2.1184533e-01,2.7514380e-01,-2.1716137e-01,8.2670356e-02,-1.7545447e-01,1.2315800e-01,2.9489651e-01,-9.2832190e-02,1.0746404e-01,1.1028673e-01,4.9422577e-02
-1.6707743e-02,-7.0980321e-02,1.8729233e-01,-2.2963025e-01,3.7042482e-02,6.7783393e-02,1.3125976e-01,1.8181352e-01,9.3436437e-02,-1.8247093e-01,2.6747931e-01
-1.4088978e-01,-4.5537368e-02,1.9458354e-01,1.9451032e-01,2.6837796e-01,2.9649974e-01,1.5452455e-01,-1.9772813e-01,-2.3789728e-01,4.7703873e-02,-2.8136909e-01
2.5906712e-01,-2.9938454e-01,2.3551084e-02,-1.0498835e-02,1.2598964e-01,-1.7314564e-01,-1.2063151e-01,1.2292509e-01,1.7429936e-01,-2.8601023e-01,-1.6049454e-01
-2.3464706e-01,-1.6494675e-01,-6.3446543e-02,2.0438329e-01,-2.7240067e-01,-1.8043597e-01,-2.4548537e-01,-1.5477560e-01,-5.4595654e-02,-1.7057822e-01,-3.4210351e-02
2.6081560e-01,8.3848340e-02,-1.4394770e-01,2.6547896e-02,-2.0029968e-01,2.0461315e-01,4.8042322e-02,2.9010019e-01,-6.8034889e-03,-1.4480344e-03,1.7661307e-01
-8.8977792e-02,1.9784550e-01,1.8271583e-01,5.5426201e-02,-1.5156822e-01,-1.8508177e-01,-1.8324748e-01,-2.7057456e-01,2.0323762e-01,7.9059898e-02,-1.6975684e-03
-9.2660496e-02,2.8602934e-01,-7.9257156e-02,1.1480937e-01,1.8087107e-01,2.0910197e-01,-6.4622094e-02,-1.6875472e-01,2.4201189e-01,-1.3874803e-01,8.2180811e-02
2.7318540e-01,-7.5895850e-02,-2.2866637e-01,-2.8661561e-01,3.4300074e-01,-1.1794582e-01,-1.6444811e-01,-1.3092840e-01,1.0740044e-01,3.4157178e-02,2.9813515e-01
7.5201368e-02,-1.5074420e-01,2.2422235e-01,-1.1367266e-01,2.8241462e-01,2.0185436e-01,-2.6712213e-01,-1.9343981e-01,9.1751415e-02,-2.2711306e-01,7.8616026e-02
1.0991143e-01,4.6326365e-03,1.4479726e-01,2.0299700e-01,1.1701154e-01,1.4829944e-01,-1.1786484e-01,1.1749809e-01,7.2613125e-02,-2.8136930e-01,-2.6150725e-01
-1.3030911e-01,7.9246880e-03,-8.6878406e-02,2.7371162e-01,-1.3665228e-01,2.7616596e-01,-6.4685322e-02,2.4756246e-01,9.5972577e-02,-1.2792419e-01,1.8301361e-01
-1.4547144e-01,-1.0355881e-01,-2.4489988e-01,-2.5126672e-02,3.2289161e-02,-4.0107098e-03,-1.6566460e-01,-1.4821415e-01,1.3312693e-02,-1.1327279e-01,1.3020077e-01
2.3414653e-01,1.4452597e-02,2.1267999e-01,-6.2155787e-02,-6.6039411e-02,-1.6664508e-02,6.2644899e-02,-2.8721806e-02,-1.0145989e-01,-2.8858597e-01,2.3589998e-01
2.3785297e-01,-1.9101581e-01,2.5416061e-01,1.2663006e-01,1.4284167e-01,-4.3191244e-02,-1.0396923e-01,-2.1188187e-01,2.5653207e-01,-1.6144176e-01,7.1234766e-02
-1.4386946e-01,7.7736616e-02,1.6432546e-01,-7.3184563e-02,2.8009001e-01,-1.2916171e-01,-1.4131198e-01,5.7656351e-02,7.7142849e-02,-2.5798027e-01,2.8537147e-01
1.2314731e-01,1.6579805e-01,-1.4381319e-01,2.2863855e-01,-2.0651238e-01,-2.5610222e-01,-1.0151261e-01,-1.8812142e-01,-7.6474579e-02,9.3013458e-02,-1.2577193e-01
2.7505786e-02,-3.1007699e-01,1.6402439e-01,1.4371291e-01,1.4604334e-01,-8.8136425e-02,-4.3496966e-03,-2.0843527e-01,-1.5907078e-01,-1.3548066e-01,2.8771574e-01
-1.7200193e-01,1.6819303e-01,-1.7265604e-01,6.0829477e-02,2.1487335e-02,-2.6972187e-01,-1.4109644e-01,-1.8772534e-02,-1.2804004e-01,-2.0405491e-02,-6.4240898e-02
1.1770721e-01,1.9790867e-02,3.1279044e-01,3.8064959e-02,-2.9047324e-01,1.4726227e-01,-2.1319946e-01,1.6495741e-01,2.7075815e-01,-6.2532744e-02,-1.7050186e-01
2.4137914e-01,1.0765143e-01,4.6449360e-02,2.3594750e-01,-1.5443512e-01,-3.0299474e-01,-2.2890627e-01,-2.7236605e-01,-1.7366039e-01,-2.2545522e-02,1.4405655e-01
6.1094551e-03,-2.0185105e-01,2.0342687e-01,3.9973635e-02,-1.0985553e-01,-6.9831646e-02,2.8230445e-01,-2.8374057e-01,-1.8692472e-01,4.1751384e-02,-8.5861023e-02
-1.6919790e-01,2.7935470e-01,-2.7288429e-01,-1.1753256e-01,-1.9067254e-01,7.3424913e-02,-1.8401056e-01,4.1480089e-02,1.4385369e-01,1.8013331e-01,-2.5046252e-01
-4.5719995e-02,1.1557767e-01,-2.6480634e-01,7.3071747e-02,-8.6173636e-02,-1.4891772e-02,-1.9239494e-01,3.8563539e-02,2.1714535e-02,-2.9511846e-01,2.6158750e-01
2.3775402e-01,-1.5894316e-01,2.0006870e-01,5.9840639e-02,1.0768265e-02,-1.2954388e-01,-2.0508856e-01,-2.9003756e-01,-4.0222732e-02,-3.8027533e-02,-2.5241442e-01

2.7396318e-01,-1.5711193e-01,-3.6257028e-02,5.2503484e-02,-2.5366935e-02,2.0395246e-01,2.7279904e-01,1.2297921e-01,2.5699825e-02,2.3963493e-01,1.4827960e-01,-1.0714276e-01,4.4371850e-02,-2.3851955e-01,-2.0688907e-01,-1.2710914e-01,-2.8437603e-01,-2.4256165e-01,1.3741435e-01,-3.8717102e-02,-1.6444807e-02,-1.1124463e-01,2.4997982e-01,-2.0732343e-02,-2.0413223e-01,1.7020944e-02,1.1517801e-01,2.4372962e-02,-2.1371238e-01,2.0616966e-01,-1.3124500e-01,-4.3463364e-02,1.7255894e-01,-2.9450247e-01,-1.3638549e-01,2.7182041e-02,1.2075206e-01,2.0707745e-01,-2.2225526e-01,1.6124319e-01,1.5591324e-01,-2.5340370e-01,-2.3209413e-01,-7.1689405e-02,-8.0672477e-02,1.1898453e-02,9.6289366e-02,1.4510200e-01,-7.9913589e-02,-2.7322123e-01

2.9564391e-02,1.7269730e-02,-7.9470507e-02,-4.8455651e-02,-1.1556605e-01,-1.2373193e-01,-2.8141448e-02,-5.7408546e-02,7.3921849e-02,9.2555297e-02,5.4973961e-02,-9.7012586e-02,3.2249710e-02,-1.2960638e-01,3.3864091e-02,-9.7333114e-02,-7.3149709e-02,-9.5700698e-02,-1.2481825e-01,1.9907420e-02,-2.3675290e-03,-9.9558075e-02,1.0303863e-01,1.2844506e-01,-1.6583117e-02,-1.4135562e-01,6.4927847e-02,1.3984081e-01,-3.3325488e-02,-5.6670841e-02,1.4218666e-03,1.1314092e-01,1.9945386e-02,-1.1091322e-01,1.5558272e-02,4.1374321e-02,9.1078758e-02,-4.3829994e-02,7.6946673e-03,-7.8899109e-02,2.9459700e-02,7.4307592e-02,1.1475249e-01,-6.6673118e-02,6.3936566e-02,6.7334649e-02,-1.2157417e-01,-1.0410728e-01,9.8085555e-02,7.1803939e-02
-1.2660722e-01,5.1636333e-02,-6.4522692e-04,7.9253669e-02,-5.9793581e-02,9.4653304e-02,1.0760465e-01,1.0993029e-01,-9.2756752e-02,3.6028616e-03,4.2105821e-02,-1.3542855e-02,-8.6975210e-02,1.8415178e-02,-1.0729368e-01,4.3448998e-03,-7.4661185e-02,-3.4574198e-02,9.1535532e-02,-4.1199479e-02,-8.3051605e-02,1.2156299e-01,8.3406650e-02,3.9201767e-02,-2.0306090e-02,9.2769553e-02,1.2298072e-01,-7.1330322e-02,-7.8552530e-02,-2.3720923e-02,-1.0085817e-02,5.8221906e-02,-2.4006591e-02,-1.1185066e-01,-4.8694645e-03,2.3033787e-02,-4.5074629e-02,-9.3455806e-02,8.6900035e-02,4.1284686e-02,-9.9076127e-02,-7.5136104e-03,7.1553262e-02,8.6450890e-02,1.1867084e-01,9.2603126e-02,-1.2679122e-03,2.3714555e-02,1.0602391e-01,-7.5156825e-02
6.9674095e-02,1.2383226e-01,7.9944001e-02,6.8444871e-02,1.0709927e-01,-2.7747328e-02,-3.1669230e-02,-5.3718380e-02,6.6708648e-02,1.0853404e-01,3.3818830e-02,1.0772942e-01,6.5749366e-02,-1.0883122e-01,7.4280709e-02,6.8872717e-02,-9.4114368e-02,4.0676572e-02,-6.0005510e-03,1.1015745e-01,-1.0693060e-01,1.3364043e-01,4.8823894e-02,1.0473386e-01,3.4735492e-02,9.1778350e-02,-2.4457020e-02,-7.9923824e-02,1.2354367e-01,-1.2979605e-01,-2.7605232e-02,1.3437329e-01,2.9677912e-02,8.2078363e-03,1.3066384e-02,4.7282347e-02,3.6012597e-02,-9.7109319e-02,-5.7762701e-02,5.6743155e-02,-3.6722328e-02,4.7161080e-02,-1.3722764e-01,8.0378560e-02,9.5632851e-02,-4.8377239e-03,8.0419213e-02,-1.1925823e-01,5.6229018e-02,-3.5658624e-02
7.7953701e-03,3.5923187e-02,-1.3293913e-01,-3.0651882e-02,-4.9032767e-03,-1.1104691e-02,-7.6410033e-02,-1.4241817e-01,-1.8979324e-02,-3.0072183e-02,6.4673958e-02,7.1167490e-02,7.6819863e-02,-1.0141473e-01,-6.7248492e-02,1.0668928e-01,5.1796257e-02,1.4259899e-02,1.8621377e-02,-1.3681145e-01,9.6738461e-02,-6.4315162e-02,-7.7572964e-02,1.1135151e-01,7.4348726e-02,5.6973335e-02,4.8732652e-02,3.8405386e-02,1.3182134e-01,3.3350953e-03,1.2687923e-01,-1.3856509e-01,1.0949047e-01,8.2396793e-02,1.0758291e-01,-3.0894626e-02,3.1693108e-02,8.8315245e-02,9.1199926e-02,-1.2767134e-01,6.7586163e-03,-9.8177207e-02,6.9918148e-02,4.4347437e-02,3.5128330e-02,1.0387300e-03,-2.3230580e-02,6.2598756e-02,-5.8855102e-02,1.1282971e-01
-7.8428393e-02,6.0957684e-02,-1.5501965e-03,-3.7679567e-02,1.0612500e-01,-3.0360397e-03,1.0633901e-01,3.2736348e-02,4.2317534e-02,-1.2362519e-01,-4.7263269e-02,-3.3010234e-02,1.9463995e-02,7.5477412e-02,-3.6128929e-02,8.4787415e-02,1.2651677e-02,-8.2648199e-02,-9.4819876e-02,-3.0789030e-02,-4.8663042e-03,9.7339138e-02,-1.1192834e-01,-4.2860153e-03,-6.3014620e-02,-5.8242405e-02,-8.7790517e-02,-3.3752975e-02,-1.3452367e-01,1.0480260e-02,5.6405172e-02,-8.9099683e-02,-8.3229423e-03,6.1899126e-02,9.2718475e-02,-8.9741839e-02,-5.4449823e-02,-1.3136916e-01,9.5665375e-03,8.3491032e-02,1.3229382e-01,-4.6286794e-02,1.7438287e-03,5.5624381e-02,3.9323241e-02,1.0146269e-01,3.2000829e-02,-1.4136351e-01,4.6278934e-02,1.0494474e-01
7.5390393e-02,-1.2739379e-01,-4.3922774e-02,3.3798940e-02,1.0519383e-01,-1.1347644e-01,-1.9787490e-02,6.1498249e-02,1.8314607e-02,-2.1369967e-02,-1.1041984e-01,9.8583708e-02,1.4675888e-01,8.8111738e-02,9.3275029e-02,-3.6438905e-02,-1.4296974e-01,-2.8609702e-02,-1.1117934e-01,1.0446339e-01,4.4179671e-02,7.4862607e-02,-1.0852953e-01,1.4628772e-01,4.9949473e-02,6.7103990e-02,2.7931737e-02,2.2979745e-02,-9.4811616e-02,7.7395480e-02,-7.4407883e-02,-2.8047606e-02,-5.0157668e-02,-8.6472047e-02,3.1808501e-02,-8.8581085e-02,-7.4936788e-03,-3.1602009e-02,1.1313624e-01,-1.4246847e-01,-1.0272655e-01,1.4304899e-02,-1.3045066e-01,1.0543833e-01,9.6719532e-02,-1.7352703e-02,5.3498763e-02,-9.5256077e-02,1.5463757e-02,9.3152793e-02
9.8852495e-02,1.9246547e-02,6.6532429e-03,1.1640261e-01,-7.2404720e-02,5.6358784e-03,1.0670688e-01,5.1776863e-02,9.5385072e-03,2.5222003e-02,-5.2156076e-02,1.1299724e-01,-1.3300183e-01,8.5264945e-02,-1.2051171e-01,-9.6385041e-02,4.3515183e-02,-8.5641042e-02,-5.1041072e-02,-3.4784984e-03,1.0834837e-01,-1.4220169e-01,-5.4273902e-02,-9.7191673e-02,6.9701835e-02,-2.0054300e-02,-1.6131894e-02,1.0572553e-01,-8.2153176e-02,-6.5800723e-02,-6.2181649e-02,3.7126431e-02,1.0325439e-01,5.2894873e-02,5.3441167e-02,1.6669461e-02,-1.1567015e-01,-2.4351483e-02,1.2821029e-01,-1.2521097e-01,2.4801634e-02,6.7949763e-02,-9.8155623e-02,5.2219244e-02,-2.4975315e-02,-2.4376411e-02,-1.4681646e-02,-3.5329336e-03,-6.5943488e-02,-9.3887888e-03
-1.1460958e-01,9.5883127e-02,6.7536069e-02,-1.3436370e-01,1.1583791e-01,-3.4300126e-02,5.7757135e-02,-1.2547692e-02,1.2988739e-01,-1.3589868e-01,-1.1812106e-01,6.3561549e-02,6.3320545e-03,5.7912957e-02,-3.8373668e-02,-1.3828154e-01,5.0605517e-03,-7.8964803e-02,7.2870742e-02,-5.7820430e-02,-6.5495393e-02,-2.9063508e-02,6.0452670e-02,-4.2494942e-02,-6.5367175e-02,6.8615159e-02,-1.1740732e-01,1.2573665e-01,-9.9868492e-02,-7.1625816e-02,9.9708249e-02,1.2278779e-01,5.0354902e-02,1.3368213e-01,-1.0109989e-01,-1.4634916e-02,9.8618657e-02,5.4087351e-02,8.8955116e-02,7.1739461e-02,-1.1816697e-01,2.5416826e-02,5.4577706e-04,1.6035558e-01,1.3359079e-03,1.3908662e-01,-6.8566994e-02,9.8296733e-02,4.2094901e-02,3.2032895e-02
-1.2273615e-01,1.0145986e-01,1.0947010e-02,7.2947755e-02,-1.4871769e-01,-1.1742474e-01,-1.2252883e-02,-2.6098090e-02,5.4831074e-02,-5.0032317e-02,4.4082979e-02,3.4494486e-02,-3.6089466e-02,-1.0731232e-01,-5.8291225e-02,-1.8016415e-02,1.0944020e-01,-3.6164053e-02,1.9434865e-02,-1.0767148e-01,-4.6104286e-02,-2.8090243e-02,1.2261889e-02,-6.7524459e-02,2.4648141e-02,-1.1689588e-01,-9.6133683e-02,-2.8635592e-02,6.1132230e-02,2.2815463e-02,7.8566523e-02,-5.7801955e-02,1.1845709e-01,2.5421624e-03,3.4262345e-02,-8.7331646e-02,1.2061388e-01,-1.2127067e-01,9.0194747e-02,-1.0698665e-01,-2.4081386e-02,-1.0177014e-01,-6.6946604e-02,-1.7003434e-02,-5.6401966e-02,5.9972167e-02,-1.3738266e-01,-1.0715101e-01,6.9097141e-02,1.1840911e-01
8.9733542e-02,-9.8603933e-02,1.1290799e-01,-9.8487112e-02,-8.6345906e-03,-7.5115402e-02,-6.4190042e-02,2.6252076e-02,3.3122660e-02,-1.4104855e-01,-1.2036779e-01,-2.3676366e-03,-7.2482333e-02,1.0554964e-01,3.1482913e-02,-1.5074255e-01,-1.7462763e-02,-8.9197457e-02,6.8231205e-02,5.7939539e-02,-9.5679019e-02,-2.8517894e-02,3.4524733e-02,7.7086078e-02,-1.3139245e-01,-6.9299520e-02,-1.2895756e-01,9.6883841e-02,-5.3037235e-04,2.3382289e-02,1.0752660e-01,3.8533557e-02,-7.4879682e-02,1.2268382e-01,6.3453695e-02,-9.1989922e-02,-7.3165035e-02,4.2172826e-02,9.6384868e-02,2.6974357e-02,-9.1888663e-02,-8.4651048e-02,-3.3533085e-02,6.7723217e-02,-1.4460559e-01,-1.8908533e-02,-2.4574493e-02,-9.7657605e-02,1.0634245e-01,1.0768656e-01
1.0542211e-01,-2.2870117e-02,1.1717586e-01,-4.8954793e-02,-6.2116731e-02,-4.0709213e-02,-3.8787048e-03,9.7235390e-02,-1.7784510e-03,1.1770677e-01,9.1566637e-02,-9.2408818e-02,-2.5171314e-02,-4.4718942e-02,-6.6479990e-02,1.2168418e-01,-5.2625068e-02,1.1457147e-01,-8.3022648e-03,9.3548897e-02,-2.6994202e-02,3.5978433e-05,-1.4287261e-01,-1.2797868e-01,-1.0279343e-01,8.4850582e-02,-4.0036820e-02,2.1124777e-02,-6.9163550e-02,-4.6696520e-02,3.1514140e-02,-8.9364134e-02,4.0301206e-02,-1.4363755e-01,2.5817455e-02,-1.2631147e-01,-6.6309157e-02,2.2091581e-02,-1.3875642e-01,3.0796521e-02,6.0632967e-02,-6.5832670e-03,-1.3893916e-01,5.5357117e-02,7.0469875e-02,1.2305301e-02,-1.2569326e-02,1.2144386e-01,9.8081011e-02,1.0643557e-01
-1.3053086e-01,-6.3425287e-02,1.2486085e-01,1.3056892e-01,-1.2155815e-01,5.8240215e-02,-5.8424313e-02,3.4074290e-02,8.5928484e-02,-1.2613026e-01,1.2782116e-01,-5.7862786e-02,1.3588535e-02,-2.9378858e-03,-3.8228681e-02,5.3599297e-02,-1.2299830e-01,-7.0467718e-02,-1.0328205e-01,5.0854323e-02,2.7357334e-02,-8.1203173e-02,9.0355459e-02,-4.4426964e-02,1.1121960e-01,-5.4399492e-02,-3.0456211e-02,3.4922957e-02,-7.2561135e-04,-9.5645926e-03,-2.0828530e-02,9.0329799e-02,3.3965562e-03,1.0310080e-01,-6.9320321e-02,-1.3808005e-01,5.4499081e-02,-1.1360136e-01,6.3968577e-02,-9.3205958e-02,-1.2199073e-01,7.6618289e-02,7.1373283e-02,3.7409282e-02,3.2677290e-02,-1.3407496e-01,-5.7514506e-02,2.1391129e-02,-9.5116871e-02,1.4276514e-02
-7.4148811e-02,-8.3987822e-02,-2.6475553e-02,-8.5976294e-02,-7.0441505e-02,-5.7823798e-02,1.2665323e-01,-1.2419328e-01,1.9166088e-02,9.5862422e-03,1.1775875e-01,1.0546783e-01,-1.0187236e-01,-2.4432154e-02,-3.3760309e-02,-1.0531691e-01,-1.9082858e-02,2.3517905e-02,-3.3694124e-02,3.0897913e-02,-8.4147911e-02,-6.4518923e-02,1.3668853e-01,-1.1466863e-01,6.9786854e-02,3.5304165e-02,4.5953695e-02,2.3166389e-02,9.1230854e-02,-1.1043606e-01,2.5061913e-02,-7.6126856e-02,-7.1390978e-02,-1.3366973e-02,-7.1992557e-02,-7.6762336e-02,-1.3751354e-01,-7.1755932e-03,7.0706314e-02,-1.2544880e-03,1.3521530e-01,1.0552355e-02,7.6129264e-02,1.4024740e-01,1.4131798e-02,-1.2737011e-01,1.1877641e-01,6.5432788e-02,-9.6463527e-02,9.8673925e-02
1.5680702e-03,-8.9266412e-02,-6.8817823e-02,-5.3823883e-02,-2.6423774e-03,-1.1202240e-01,3.8899943e-02,8.1014457e-02,-7.3131875e-02,1.3359525e-01,-8.6034287e-02,1.2428291e-01,-2.4737599e-02,-1.4453647e-01,-9.7009060e-02,-1.4094680e-01,6.1475862e-02,4.1936015e-02,-4.0218572e-02,1.1564682e-01,-9.7260402e-02,2.5722213e-02,-2.8763483e-02,1.0754941e-02,2.6334526e-02,-1.0295267e-01,-5.6500441e-02,-1.0344975e-01,-1.0985257e-01,-4.5690246e-02,-4.0108200e-03,7.8133423e-02,7.0055207e-02,1.0504791e-01,-1.1911726e-01,-8.9548739e-02,4.9333771e-02,3.6634389e-02,-5.5106566e-02,-1.8618704e-03,9.4537784e-02,6.2755680e-02,8.8093333e-02,1.3592858e-01,-1.7727066e-02,4.6890441e-02,9.1132801e-02,5.3433337e-02,-1.1740717e-01,1.0109288e-01
-1.3167847e-01,-4.1272694e-02,-1.0852894e-01,-7.1638412e-02,-5.6903142e-02,-2.8158653e-02,-2.6954304e-02,3.3025166e-02,-1.0329183e-01,-7.0061450e-03,9.6921100e-02,-1.5681977e-02,9.4606041e-03,5.8347173e-02,-1.7537585e-02,-6.6430052e-02,3.7024930e-02,1.0699714e-01,-9.5378383e-02,1.1085061e-01,8.5059099e-02,1.4066608e-01,-1.5678879e-02,-1.0010560e-01,-5.7816174e-02,-1.0030000e-01,2.5302282e-02,9.2163460e-02,-8.7347209e-02,-5.4749919e-03,2.1092692e-02,-1.0751624e-01,-3.3798975e-02,-1.1768139e-01,5.2847976e-02,-2.5030393e-02,-6.0503567e-02,1.0188997e-01,4.2450284e-02,2.9523477e-02,1.8075298e-02,1.3837865e-01,-3.9209547e-02,7.6715275e-03,-7.5820666e-02,-1.3292358e-01,1.1298633e-01,-4.1608509e-02,-8.4938466e-02,2.2221940e-02
2.6623292e-02,5.3279666e-04,-7.8204443e-02,-5.3270810e-02,7.3658007e-02,1.3215022e-01,-1.0229910e-01,-1.1083883e-02,-3.2591886e-02,-6.2892976e-02,9.9619412e-02,-2.7257694e-02,-1.4264447e-01,1.1028547e-01,9.3316365e-02,9.9550248e-02,-2.1136557e-02,4.0774585e-02,-5.7883085e-02,-9.2480501e-02,-1.0980118e-01,-1.0469167e-01,1.0511193e-01,2.1559456e-02,1.3831590e-01,1.4936810e-02,8.5294378e-02,2.2646446e-02,-5.9920522e-02,-1.2255385e-01,-1.3701342e-01,9.4270426e-02,1.3735520e-01,6.0346310e-02,-5.0183104e-02,-4.6689684e-02,-5.4792458e-02,3.0088029e-02,2.8648342e-05,-1.2186006e-01,1.7866503e-02,-6.4311964e-02,-2.4623045e-03,1.0429729e-01,-9.6016527e-02,5.0740936e-02,-2.1904705e-02,-2.7744909e-02,5.7195154e-02,-7.6939093e-02
1.4040300e-01,1.5688002e-02,7.1077476e-02,-7.7537167e-03,-4.3141096e-02,1.4943338e-01,-5.1726605e-02,1.1359291e-02,1.0957019e-01,-6.8860411e-02,6.0750307e-02,-9.3012347e-03,-4.7645976e-02,9.3531394e-02,1.0765694e-02,-2.5107886e-03,-5.0332712e-03,4.4137635e-02,8.9798548e-02,-4.6238818e-02,2.5030744e-02,1.0881590e-01,1.4567847e-01,7.1843154e-02,8.5448623e-02,1.1670525e-01,8.4625899e-02,8.5736976e-03,5.5090640e-02,6.3176716e-02,-6.9961588e-02,-4.5993922e-02,-1.6000756e-02,2.8778844e-02,1.0877438e-01,-1.1649294e-01,1.5465528e-01,-6.0379178e-02,-2.8296214e-02,1.1123211e-02,-9.9045048e-02,-2.4885440e-02,-4.8237195e-02,5.8112941e-02,-5.2586065e-02,-2.8622972e-02,1.1009370e-01,5.3042668e-02,5.2117228e-02,-6.2631853e-02
9.9847916e-02,5.5940872e-02,-1.3100632e-01,-1.8577531e-02,5.4638685e-02,-7.5178466e-02,-1.2592706e-01,-1.1303459e-01,-7.8078652e-03,-4.1759974e-02,6.6471247e-02,-6.9824919e-02,2.7632534e-02,4.1966787e-02,1.3400897e-02,1.1040377e-01,1.5905077e-01,4.0655870e-02,-7.2202342e-02,7.8004528e-02,-2.6820259e-02,4.1282338e-02,1.4180057e-02,2.0973036e-02,1.1958419e-01,8.8668320e-02,8.5539235e-05,8.9083863e-02,1.6417397e-01,-3.1248458e-02,-1.4707703e-02,-7.1840184e-02,9.1990073e-02,9.1452037e-02,-1.3855767e-01,4.7943215e-02,-1.4439215e-02,6.7596914e-02,-3.9252246e-02,1.5093038e-02,-5.8897788e-03,-8.7024540e-02,1.3395026e-03,-1.0412380e-02,2.9030151e-02,1.2974358e-01,-6.7342849e-02,-1.0046781e-01,4.4822082e-02,4.9795202e-02
1.3148848e-01,8.1948036e-02,-4.2162004e-02,8.7935676e-02,5.6511095e-02,1.2685415e-01,1.1781998e-01,-8.5139673e-02,-1.3219229e-01,5.5418842e-02,-1.0209734e-01,-1.2880245e-01,-8.6360838e-03,3.2160145e-03,-1.5221877e-02,8.1058845e-02,5.5384925e-02,7.0260173e-02,-1.1354920e-01,-6.4382930e-02,-9.7427321e-02,1.2936448e-01,4.6640031e-02,1.3102494e-01,-1.0298839e-01,6.7591323e-02,-3.2363619e-02,-1.3145852e-01,-3.0126755e-02,-1.0369445e-01,-6.2722827e-02,7.0719699e-02,-1.0616008e-01,-1.5164562e-02,-4.5762346e-02,-7.3877410e-02,7.7667452e-02,8.4663365e-02,-5.9744969e-02,7.9485385e-02,-5.5328080e-02,1.1320509e-01,-1.7710056e-02,2.1494947e-02,-3.7190474e-02,-4.3699520e-02,-1.0979322e-01,-9.2337007e-02,5.0845649e-03,-8.8883612e-02
1.3748950e-01,5.2349749e-02,2.4283834e-02,-8.0733250e-02,-7.0513427e-02,-1.4011703e-01,-8.0783850e-03,-7.1366360e-03,-7.7307294e-02,-1.3927649e-01,7.0069503e-02,1.2121653e-01,1.0959336e-01,7.9024611e-02,1.2607144e-01,1.9824587e-02,6.1532573e-02,-2.9635227e-02,-3.2983776e-03,-4.0675961e-02,1.4297944e-02,2.6769225e-03,-1.2241253e-01,6.4292592e-02,-1.6325376e-01,-1.4182859e-01,5.6101911e-02,-1.3367879e-01,-1.2523225e-02,-9.6893800e-02,-1.7122927e-01,-7.0386705e-02,8.6380189e-02,-3.6376650e-02,-1.0789539e-01,-8.8881058e-02,-6.1383372e-02,7.0395158e-02,5.6462187e-02,4.6075867e-03,-7.7875252e-02,4.5143764e-02,2.4108860e-02,9.4466546e-03,1.0491447e-02,1.0162371e-01,3.9332114e-02,3.8246495e-02,4.0410272e-02,3.1637988e-02
2.6893672e-02,-6.9294697e-02,-1.8910112e-02,-4.3049975e-02,3.4679054e-02,-2.5376093e-02,-1.0085184e-02,3.1393778e-02,8.3973089e-02,-9.1157031e-02,1.1282835e-01,8.4631730e-03,-8.7644211e-02,1.2888916e-01,9.7230225e-02,-5.2192444e-02,-8.5876706e-02,-1.4100681e-01,-1.2477898e-02,8.9704125e-02,5.1614993e-02,7.1955160e-02,2.2498963e-03,-2.3471837e-02,-1.2114412e-01,-1.1128582e-01,2.8152566e-02,1.1036489e-01,-1.1454090e-01,-1.0080094e-01,-1.4929347e-02,1.3398523e-01,-1.2380280e-01,-4.6531353e-02,-1.1136575e-01,4.5619175e-02,1.3308965e-01,-8.0618657e-02,-8.0610790e-02,-1.3902816e-01,-2.2962148e-02,5.6149480e-02,9.2154325e-02,1.0138291e-01,-4.3010143e-03,-7.3005021e-02,-7.8417512e-02,-1.3923425e-01,7.5494787e-02,4.4428505e-03
2.6548232e-02,-1.3146218e-01,-8.1051898e-02,-8.4489678e-02,-2.4639020e-02,4.5401764e-02,-3.1399166e-02,7.5653207e-02,-8.8844226e-02,-5.7283213e-02,-8.7801358e-02,1.2495653e-01,1.0917351e-01,7.1270800e-02,-3.5967112e-02,8.7764537e-02,-7.4722368e-02,-1.2847261e-01,-4.2222166e-02,-7.4184507e-03,1.2283073e-02,-8.2731934e-03,2.1444426e-03,8.0970349e-02,-9.9923836e-02,8.3489716e-02,-5.3923790e-02,1.0315022e-01,-5.0291054e-02,5.3676746e-02,-5.3872040e-03,1.2716083e-02,3.6923467e-02,9.5201415e-02,1.9730846e-02,-2.9776794e-02,1.1760660e-01,-1.2547430e-01,-1.5652731e-02,-1.3034285e-02,-1.1952741e-01,4.6672651e-02,4.6177875e-02,-5.8082065e-02,9.9936587e-02,8.0066234e-04,5.5093798e-02,1.8567794e-02,-1.2292919e-01,-1.3473866e-01
-5.4227842e-02,-2.7886921e-02,-3.2765165e-02,1.0533968e-01,8.6739471e-02,-4.3646045e-02,9.4685855e-02,2.9354260e-02,-7.9223415e-02,9.2421674e-02,8.0490255e-03,-4.0974323e-02,1.4621067e-01,-7.0326035e-02,9.6871617e-02,-4.3727682e-02,-5.8485958e-02,9.1260041e-02,6.8510722e-03,-7.6612934e-02,-6.0651528e-02,-1.3655523e-01,2.2681958e-02,7.7402024e-02,-9.5736287e-02,1.1106922e-01,-6.1443962e-02,-2.6591959e-02,-9.2312574e-02,7.0985505e-02,2.4214327e-02,-1.5167867e-01,5.3152910e-02,7.0652677e-03,6.5735831e-02,5.9896766e-02,-1.6398408e-02,-1.1720861e-01,-6.0971438e-02,-1.2208818e-03,1.2613936e-01,1.1484736e-03,6.5669394e-02,5.3196154e-02,-1.9454328e-02,8.7192303e-02,6.5357955e-02,4.5977416e-02,-3.6765972e-02,-1.4471972e-01
9.3800712e-02,5.3521294e-02,-5.7101961e-02,8.3435991e-02,-1.7554125e-01,-8.4857268e-02,4.7859702e-02,-1.0840092e-01,8.6883258e-02,1.1392427e-01,6.1567471e-02,-8.7220604e-02,4.7325016e-02,1.5454946e-01,-7.9154070e-02,7.8944889e-02,7.1300342e-03,5.1165241e-02,-1.1903197e-01,-9.7220070e-02,-1.5115779e-01,1.1211823e-01,-5.4226884e-02,-6.7483450e-02,1.5261261e-03,9.8350450e-02,-7.8140970e-02,2.0932615e-02,-1.0678167e-01,1.9380744e-02,-3.5120413e-02,7.9229644e-02,3.5777567e-02,-9.6892357e-02,5.4490199e-02,-9.5317502e-02,-3.0768382e-02,-1.0580119e-01,1.1599259e-01,-6.9624293e-02,-4.7113422e-02,-1.2150587e-02,-2.4827565e-02,4.9268101e-02,2.8381796e-02,7.8724479e-02,-1.4902421e-01,5.0486934e-02,2.2277762e-02,-1.0054322e-01
-5.8613120e-02,-1.0613565e-01,-4.4364404e-02,9.8924405e-03,-3.7022445e-02,-8.4917536e-02,1.1962936e-01,8.1592496e-02,-1.4099994e-01,-1.3801476e-02,-1.2876874e-01,5.8997604e-03,4.0049557e-02,1.3388322e-02,1.6807194e-03,-1.2122433e-01,1.8850894e-02,-1.1450719e-01,-1.2592738e-01,-1.5028746e-02,4.0169614e-02,-3.9139397e-02,1.0494378e-01,-1.3658312e-01,-5.1194570e-02,-1.0814921e-01,9.5943009e-02,8.3707113e-02,-3.2298536e-03,4.3105443e-02,-7.5395989e-02,7.1919089e-03,-9.6886686e-03,1.2719355e-01,2.4843391e-02,1.0104120e-01,5.6209354e-02,-2.4839205e-02,-7.8235029e-02,4.7171158e-02,2.5237258e-02,-6.3101179e-02,6.4591529e-02,-2.6221587e-02,1.4169598e-01,-8.0694759e-02,8.7218262e-02,5.3774291e-02,8.6804462e-02,-1.4485472e-01
2.6690926e-02,-7.6894397e-02,1.0647146e-01,-7.6026244e-02,-9.2405448e-02,1.4358784e-01,1.3979851e-02,-3.1182162e-02,-2.1527601e-02,-2.2211036e-02,-8.7604983e-02,-2.5675748e-03,-2.3167161e-02,8.1005039e-02,6.5579023e-02,-5.3116869e-02,5.3480121e-02,-1.0079951e-01,1.2171568e-01,1.0463287e-01,-7.9220301e-02,1.9340558e-02,-2.9775887e-02,1.8113679e-02,-8.5003315e-02,1.0707869e-01,5.5366211e-02,-1.0257969e-01,-2.1544039e-02,3.2846422e-02,-7.5283492e-02,-1.1757033e-01,5.0103052e-02,-3.8033321e-02,-1.2093497e-01,7.2414751e-02,1.1971823e-01,2.9871387e-02,1.5721275e-02,1.0857174e-01,1.3805946e-01,1.5206624e-02,1.1044810e-01,-1.5987988e-01,1.0457968e-01,5.0546179e-02,-1.2098787e-02,-7.7366179e-02,-7.7305490e-02,-8.6164768e-02
6.6986709e-03,-5.9044285e-02,-3.7134944e-02,6.5048962e-02,-1.6027435e-01,-9.0761679e-02,-7.0434694e-02,1.0175846e-01,-4.9769248e-02,2.0743788e-02,9.6867207e-02,-1.0046567e-01,-1.0770833e-02,1.6550497e-01,-9.9678768e-02,4.6130903e-02,-1.7741943e-02,-3.2873532e-02,-3.2237232e-02,-6.8493913e-03,-3.1331449e-03,-5.2063444e-02,5.4544787e-02,8.1649412e-03,-4.6955491e-02,1.3176506e-02,8.2566514e-02,1.2504874e-01,1.7875545e-03,-4.1061024e-02,1.0131347e-01,1.0020035e-01,9.9673079e-02,-2.0373716e-02,1.0450414e-01,-9.7605769e-03,9.0211859e-02,1.1368411e-01,-1.4089804e-01,4.9554346e-02,-9.4710222e-02,-2.2590268e-02,-6.1929055e-02,7.8883714e-03,-3.7035132e-02,1.0013821e-01,1.2880128e-01,-1.3666719e-01,7.0109636e-02,6.1883651e-02
9.6974686e-02,-7.7660479e-02,-1.2415476e-01,-9.5494359e-04,-1.1079857e-02,8.7633233e-02,1.3031507e-01,-1.0336934e-01,-4.8855199e-02,9.3522021e-02,7.5469523e-02,1.0503563e-01,6.9555238e-03,-1.0387060e-02,4.3703761e-02,1.2058449e-02,1.1632816e-01,1.3520255e-01,-6.2463146e-02,1.4333900e-01,1.2497230e-01,-6.2800466e-02,4.1840650e-02,1.2619015e-01,7.8239792e-02,1.4585111e-01,-9.8308066e-02,1.3834954e-02,-1.1052583e-01,1.5094340e-01,9.4028478e-03,-2.5962768e-02,1.5508531e-02,3.5684665e-02,-2.8052412e-02,1.4658192e-02,-7.7899626e-02,-5.8645791e-02,4.3113315e-02,-9.7451016e-04,3.4046528e-02,2.5325929e-02,-1.2242407e-01,-1.1169018e-01,-1.6233619e-02,-1.2585131e-01,-1.9044310e-03,-1.2486579e-01,-1.3600395e-01,-5.1845359e-02
-3.7697093e-02,1.1489016e-01,4.1955286e-04,-3.3707839e-02,-1.6163382e-01,-6.0753605e-02,4.3369277e-02,-1.0850641e-01,-1.3764024e-02,6.5576664e-02,-6.5693729e-02,9.3047954e-03,-2.9672609e-02,5.9984580e-02,-9.2461639e-02,-4.3562019e-02,-1.3472846e-02,-5.6252164e-02,6.6956746e-02,-4.5403325e-02,-1.2266485e-01,-2.0249924e-02,2.9510852e-02,7.5462355e-03,-6.0004492e-02,-1.7700276e-02,1.2131344e-01,-7.2575761e-02,3.0075283e-02,-1.0506303e-01,-1.2247469e-01,-1.2451629e-01,6.0405467e-02,-2.7066999e-02,1.2851233e-01,-2.6402296e-02,-1.1562299e-01,-8.7614053e-02,3.3161431e-03,-6.5345345e-02,6.0838770e-02,-6.8979205e-02,1.0139994e-01,-1.6414335e-01,9.8534612e-02,9.2900653e-02,6.2867166e-02,1.2120285e-01,1.3455029e-01,7.5491820e-02
-6.6563527e-03,-1.1158085e-01,1.2517019e-01,2.7169939e-02,9.7962455e-02,-1.4902553e-01,1.0029535e-01,1.2475759e-01,-8.1202692e-02,-3.2576557e-02,-1.3056885e-01,1.3036410e-01,7.9249873e-02,-1.2231220e-01,-1.2717437e-01,9.8922857e-02,-1.0141398e-02,9.8295822e-02,8.7415242e-02,7.7287291e-03,2.8255115e-02,6.9302010e-02,3.3159688e-02,-1.0256292e-01,-2.0332721e-02,8.8993450e-02,-1.2563681e-01,1.0378555e-01,-7.9556950e-02,-7.1249349e-02,6.1768312e-02,-1.1908123e-01,1.3050921e-02,3.4645623e-02,-7.3149870e-02,1.3086855e-01,4.6222148e-02,-8.3894718e-02,-2.4024530e-02,-6.8770372e-02,-5.6279918e-02,-1.2422236e-01,-8.2947075e-02,1.5810499e-01,-1.2162516e-01,7.8169515e-02,-8.1128536e-02,1.2196924e-01,-8.1267600e-02,-4.8187406e-02
3.4200691e-02,-3.4558028e-03,1.4050782e-01,-6.0046938e-02,-1.2586324e-01,1.1674838e-01,-3.6503908e-02,-1.2555892e-01,7.8046914e-02,-1.3653404e-01,1.3347827e-01,-9.5287354e-02,4.7614699e-02,-5.5288861e-02,6.3036728e-02,-2.6403219e-02,2.6757054e-02,-4.9745683e-02,-8.7038949e-02,9.7408264e-02,1.3731961e-02,-3.3231848e-02,5.9864131e-02,1.3732804e-01,8.1019442e-02,-1.2793467e-01,1.1101314e-01,1.3395840e-01,-6.7041405e-02,1.7772924e-02,4.0217470e-02,-1.2918735e-01,-4.0615881e-02,2.0191556e-02,8.3558153e-02,-4.7069541e-02,1.5281908e-01,-4.9667404e-02,9.1298398e-03,5.4848809e-02,5.1533986e-03,-1.1081904e-02,-1.9011852e-02,-5.1370655e-03,8.8084371e-02,-1.1248094e-01,-1.0006400e-01,4.0795988e-02,2.4433416e-02,4.0474849e-02
3.5815490e-02,-1.4149148e-01,1.2986276e-01,-7.3940526e-02,8.5379384e-02,9.7887665e-02,4.5110242e-02,7.7704596e-03,3.7529784e-02,-1.1449825e-01,-1.1617424e-01,-7.2884984e-02,7.4435799e-02,-1.2778505e-02,1.2837570e-01,-3.4889006e-02,-1.2132465e-01,-7.3252259e-02,-2.4667030e-03,1.6816833e-02,-5.9945698e-03,3.5380772e-02,-9.7034585e-02,-7.4321836e-02,-2.7596231e-03,1.0977706e-01,-1.3551483e-01,8.0266783e-03,1.1855473e-01,-1.1222327e-01,-9.6111557e-02,-4.7694483e-02,6.7923083e-02,1.2082248e-01,-1.9686254e-02,-7.1605848e-02,5.1540510e-02,-1.2506536e-02,7.9862946e-02,1.5321026e-02,-1.4788051e-01,6.2120078e-02,-6.1143590e-02,-8.4292033e-02,-1.3113118e-01,3.0641247e-04,6.4794976e-02,8.5960888e-02,-9.3117090e-02,-1.2831426e-01
5.3957952e-02,-5.3711778e-02,-3.3813326e-02,6.0685268e-02,1.5036905e-02,-4.9569121e-02,7.4360623e-02,1.1861757e-01,3.1834538e-03,9.9616619e-02,9.6216381e-03,-6.6700256e-02,5.9193682e-02,-1.0367184e-01,8.2305865e-02,-4.4848199e-02,1.5342613e-01,8.8740375e-02,5.9256589e-02,-3.9806958e-02,2.1429625e-02,1.1070311e-02,1.4043016e-02,-4.9427144e-02,5.0408260e-03,3.3313915e-02,-3.9605081e-02,-4.4488635e-02,-4.1761476e-02,-1.3863685e-02,-2.9216677e-02,-1.2165478e-01,-5.3276467e-02,7.8048931e-02,4.1306150e-02,7.2601578e-02,-8.3145924e-02,-8.6695766e-02,8.4344513e-02,-1.2670544e-01,8.3712993e-02,-1.1426079e-01,-1.1288196e-01,-6.2308079e-02,1.0188892e-01,4.9258727e-02,5.8527887e-02,-1.2291441e-01,9.9557346e-02,-1.9399459e-02
-1.0466001e-01,-8.4218208e-02,-4.5656888e-03,1.4264783e-01,-1.3532500e-01,-1.0672382e-01,8.0084660e-02,1.0273217e-01,-1.0727939e-01,-7.6532008e-02,1.3845692e-01,9.5127518e-02,-1.1774363e-01,-6.0165790e-02,-1.2425898e-01,-2.3785887e-02,6.5426115e-02,-7.5944342e-02,1.0687890e-01,-8.9816013e-02,8.2181200e-02,6.9013593e-03,-4.8075551e-02,1.1641819e-01,2.1336524e-02,2.0332876e-02,-1.1763468e-01,-1.0052568e-01,-2.0812937e-02,3.4199359e-02,-2.3536362e-02,-6.6581181e-02,4.2748108e-02,-8.1014505e-02,6.9305946e-02,2.1119185e-02,9.5278381e-02,1.2508389e-01,-4.3922362e-03,5.7696153e-02,-8.5946664e-02,1.9914507e-02,5.0989932e-02,-6.5851046e-02,9.6504102e-02,1.8185495e-02,6.4415661e-02,1.4170457e-01,1.5942008e-01,-7.7117697e-02
5.2249418e-02,-3.2948152e-02,2.7462451e-02,1.4493961e-01,6.9004118e-02,-8.9134290e-02,4.3214293e-02,-7.5237514e-02,-8.3129848e-02,1.1331792e-01,-1.4422564e-01,-1.3528005e-01,6.8929645e-02,-9.5165277e-02,8.6052313e-02,1.1411964e-01,9.3617644e-02,7.5844804e-02,-4.8320687e-03,-1.1609781e-01,1.1758782e-01,-4.3789214e-02,-8.9147047e-02,8.8282204e-02,-1.2366871e-01,-9.5918936e-02,2.1620677e-02,-9.7734407e-02,-1.0250290e-01,-1.9162987e-02,-5.5271222e-02,5.7623769e-02,-3.4084616e-02,9.5029533e-02,7.9077170e-02,2.4039228e-02,-1.2580521e-01,1.0588720e-01,-1.3707041e-01,6.5770475e-02,5.2823079e-02,1.4043990e-01,2.6649416e-02,1.1565633e-02,-1.6154299e-03,-9.7992162e-02,1.1298672e-01,-2.3131639e-02,1.1369256e-01,9.0125142e-02
1.1185126e-01,1.3271349e-01,5.8442810e-03,4.9072930e-02,1.6210091e-02,-6.0822345e-02,6.9244213e-02,1.4748275e-01,5.7786069e-02,6.5290897e-02,-8.7344992e-02,-2.4723287e-02,6.9129853e-02,-6.5560923e-02,-5.7964387e-02,7.3081907e-02,-6.1050113e-02,1.4164261e-01,-9.1446875e-02,1.2373153e-01,-2.8942442e-02,-1.0535610e-01,-9.5767267e-03,-1.9374478e-02,-3.3295696e-02,1.0879771e-01,-3.4584389e-02,9.9457004e-02,-1.3983974e-01,-7.6089071e-02,1.2325133e-01,7.9238603e-02,-1.2356750e-01,9.6476573e-02,1.0465734e-01,-7.3844443e-02,-9.8875560e-02,-9.8619332e-02,-8.3922155e-02,-1.4326017e-01,8.8721624e-02,-4.3995758e-03,6.1310978e-02,-5.8820475e-02,1.9566941e-02,-1.3096704e-01,-1.1521272e-02,6.9745200e-02,1.2906168e-01,-1.0584881e-01
7.0456534e-02,7.5460688e-02,3.7599438e-02,-3.6728817e-02,-1.4071867e-01,3.0663959e-02,1.7242347e-03,-3.7026803e-02,-1.0986056e-01,6.9896982e-02,8.6768576e-03,-2.1755952e-02,3.1176371e-02,-8.9894069e-02,-9.9047579e-02,-3.3339845e-02,1.0082625e-01,6.5566212e-02,-1.4149309e-02,-1.0042848e-02,3.8547712e-02,3.5593661e-02,-5.5630050e-02,-1.1101140e-01,-9.6081756e-02,-7.5424007e-02,-8.1543165e-02,2.4689269e-02,3.1915830e-02,1.2013704e-01,-5.5527754e-02,9.3847353e-02,-1.4540883e-01,1.2782311e-01,7.0620382e-02,-7.7722027e-02,9.0299599e-02,1.1828618e-01,-3.6736773e-02,7.6023412e-02,5.3340215e-02,3.3533896e-02,-1.4658928e-01,-8.1504967e-02,-8.6776026e-02,1.0589087e-01,-5.0939292e-02,-6.2097134e-02,-2.2171672e-02,9.1705283e-02
-1.1668682e-01,-9.4063902e-02,-3.1158601e-02,1.4308187e-01,6.4657548e-02,8.0104594e-02,8.4052516e-02,-6.8208325e-02,1.5260298e-01,-9.7019422e-02,4.6247152e-02,1.2099331e-01,2.0775045e-02,9.6523541e-02,6.1291352e-04,8.5885282e-02,-1.2108422e-01,-5.6638532e-02,2.6645059e-03,1.2656726e-01,-7.1432022e-02,-5.6833587e-02,-9.2255957e-02,-9.4802575e-02,2.7531682e-02,4.7539661e-02,1.3763660e-01,-1.2587835e-02,-1.7006051e-02,9.4432584e-02,6.6258263e-02,2.7875993e-02,-1.0339816e-01,-5.3239707e-02,-1.0606465e-01,-9.6868189e-02,-3.1841179e-02,-4.4714270e-02,-9.3102455e-02,-1.3335251e-01,1.3941118e-01,-9.1409043e-02,-5.7538476e-02,1.6594565e-01,9.9417140e-02,1.4853074e-02,1.0234565e-01,-6.1852597e-02,-3.8871797e-02,9.8012759e-02
2.0662270e-02,7.1740907e-02,-1.3271241e-01,-9.1977797e-02,1.0925932e-01,9.1111885e-02,-4.5691231e-02,1.0787661e-01,-2.6284187e-02,-1.2373582e-01,1.0914230e-01,-7.3226020e-02,2.4915410e-02,9.5919447e-02,9.0303882e-02,5.6785459e-02,7.7714414e-02,2.7807658e-02,-1.4960447e-02,8.2273874e-02,-1.3381222e-01,6.6523549e-02,8.7874974e-02,-1.0139215e-01,-7.8280052e-02,6.8287452e-02,9.5163467e-02,-4.1350209e-02,-1.1158455e-01,-1.1948900e-01,1.2861166e-01,-9.9135498e-02,4.2582529e-02,-6.9605568e-02,-2.5444858e-02,1.3594302e-01,-7.0441386e-02,1.2327989e-01,-1.0743779e-01,-4.1322451e-02,-1.4257001e-03,1.0433368e-01,-4.9445723e-02,-2.6655879e-02,6.1851668e-02,-7.2135106e-03,3.2196554e-02,1.0673488e-02,4.5319334e-03,7.4507947e-02
-3.1747564e-02,-1.0130343e-02,-6.3541049e-03,1.2869669e-01,-1.1124031e-01,1.7272523e-02,-1.5386851e-01,-3.8616899e-02,6.6846469e-02,6.5431950e-02,-8.0017982e-02,3.4562604e-02,-5.9158466e-02,1.7096522e-02,3.8529567e-02,2.0071429e-03,-5.6489800e-02,-7.0749942e-03,7.2114637e-02,7.5264870e-02,-1.1336478e-01,4.8490166e-02,9.6350804e-04,1.0451179e-01,-7.4446266e-02,-5.4954854e-02,9.5993257e-02,-5.1093674e-02,-9.8046102e-02,8.0336972e-02,1.5480131e-01,5.1130877e-02,-1.0190642e-01,-8.3192006e-02,-6.1796057e-02,-1.0118400e-01,1.6253294e-01,7.8753914e-02,-9.7818352e-02,-1.3501167e-01,1.4083172e-01,9.8947916e-02,-6.1329641e-02,-6.9488538e-02,1.0637451e-01,-5.8386965e-02,7.3751101e-02,-8.9625170e-02,-7.7408395e-02,1.0389712e-01
-1.2980568e-01,-3.8568381e-02,-7.0653017e-03,-1.0633160e-01,-3.7661034e-02,-7.6672675e-02,-4.5795075e-03,1.2934336e-01,1.0960619e-01,7.3136410e-02,1.3184709e-01,-1.6366010e-02,-4.8080771e-02,-1.1324347e-01,-1.0495523e-01,-5.9418861e-02,-8.2352098e-02,-7.2906098e-02,-8.2813068e-02,1.0703528e-01,2.0236175e-03,-4.1074054e-02,-1.0698456e-01,1.3758909e-01,-7.9632349e-02,6.0872761e-02,8.8373386e-02,-1.3402318e-01,-1.2436667e-01,-7.7902871e-02,-8.6542437e-02,8.2848218e-02,-1.9967884e-02,-1.2492387e-01,6.6281063e-02,-1.1265619e-01,-6.0386579e-02,5.1289960e-02,4.9038404e-02,-1.4129362e-01,1.4102648e-01,-8.0017817e-02,4.6435788e-02,-3.1713171e-03,9.8125287e-02,1.2610699e-01,-1.3525668e-01,-5.4748824e-02,-1.2235046e-01,2.5561987e-02
-2.6643767e-02,2.5257495e-03,-3.2365531e-02,-5.9087378e-02,-1.0840549e-01,2.5098539e-02,3.9790353e-02,-1.4106968e-01,1.0679105e-01,-4.4990812e-02,-3.6677273e-02,-3.4141231e-02,1.2017604e-01,-4.9384342e-02,-1.2414064e-01,-1.0719725e-01,1.0332836e-02,8.2156676e-02,-1.0644657e-01,6.5257339e-02,-5.9593589e-02,1.1959104e-01,-2.2753155e-02,-8.1945916e-02,9.3882755e-03,4.0055092e-02,-5.5203404e-02,-6.8463030e-02,1.3534711e-01,-1.0069860e-01,-1.1708133e-01,-3.4670864e-02,-8.5737588e-04,-1.5143742e-02,3.6064407e-02,-6.6854498e-02,-8.8629665e-02,4.3283664e-02,7.3270819e-02,5.7647891e-02,-1.6996690e-02,-7.7714089e-02,3.1885904e-02,-1.3018363e-01,-1.1783874e-01,3.0676955e-02,8.9520069e-02,-4.2453295e-02,-6.1557189e-02,1.3821046e-01
1.2600268e-01,-3.5145653e-02,-1.2578436e-01,2.3473646e-02,-1.0384589e-02,2.6947561e-02,-1.7755172e-02,-1.0382702e-01,9.3733346e-02,4.7599491e-02,1.0506281e-01,7.3640172e-02,9.6249149e-02,1.0613302e-01,3.1902860e-03,-8.2132394e-02,-3.2391420e-02,4.1300355e-02,-3.6009421e-02,6.2437006e-02,-1.3321920e-01,7.0441083e-02,8.5211207e-02,9.5680603e-02,-9.2166217e-02,1.0698792e-01,-8.3492286e-02,-5.8722293e-02,-1.1012705e-01,-7.0499346e-02,1.2113761e-01,2.1395892e-02,-5.8968144e-02,-8.3886834e-02,1.6955432e-02,-7.1082360e-02,-3.0192775e-02,-1.4365092e-01,-2.0423388e-02,-7.5614469e-03,9.7194980e-02,-6.1629155e-04,-2.2124151e-02,-5.4945627e-03,1.2447049e-01,6.0550567e-02,-5.6024111e-02,1.2644285e-01,1.1327117e-01,1.2038750e-01
1.2071534e-01,-3.3015567e-02,-3.7244965e-02,-7.9270093e-02,-8.8990397e-03,-3.3349283e-02,-9.1932145e-02,1.1581848e-01,2.0498493e-02,6.4922505e-02,3.7805284e-02,-1.1078542e-01,-4.0511447e-02,-3.3360933e-02,2.1182023e-02,1.4243899e-01,-6.0383075e-02,-3.5978311e-02,6.0510918e-02,-2.8189502e-02,4.0644692e-02,8.0796354e-02,-6.4830967e-02,9.3545481e-02,8.6941913e-02,1.8934915e-02,4.4401834e-02,4.8194832e-02,-1.3550357e-01,1.4425964e-02,5.6016241e-02,5.2587204e-02,6.4306136e-02,-6.9545630e-02,9.0234681e-02,1.2307823e-01,-1.1961584e-01,-1.1526473e-01,-8.1650673e-02,8.5420227e-02,-8.8709642e-02,-2.2193746e-02,1.3977020e-01,1.1726682e-01,1.4497991e-02,1.2300322e-01,-2.4051258e-02,1.9377978e-02,5.8052036e-02,5.1909684e-02
1.3202164e-01,1.2380205e-01,-6.4223923e-03,1.0742291e-01,-6.4461848e-02,-1.1837615e-01,1.3145951e-01,1.3122242e-01,1.4831856e-01,5.2384502e-03,-1.2780918e-01,-3.5600467e-03,3.8248967e-03,-2.6041985e-02,1.2362614e-01,-7.7259744e-02,-7.8927893e-02,1.1064941e-01,-4.2435054e-02,-2.5383353e-02,1.5291395e-01,-1.2950008e-01,-1.0923009e-03,8.1093621e-02,5.0673020e-02,3.5220603e-02,-1.1199541e-01,-1.1984645e-01,-8.1402419e-02,8.5214424e-02,-6.2695175e-02,-7.9815657e-02,-8.9002209e-02,1.0423952e-01,-7.4847340e-06,-4.4893431e-02,1.1752485e-01,-2.4352680e-02,1.5143400e-01,-4.4192357e-02,-1.2747283e-01,1.0607780e-01,7.1253346e-02,7.6021144e-02,7.9064828e-02,2.9997453e-02,5.3766043e-02,1.1049724e-01,3.7991717e-02,-1.2377899e-01
-7.7219923e-02,1.4063775e-01,1.3061072e-01,-1.1480489e-01,5.5834522e-03,-1.0747979e-01,-1.1691226e-01,3.5163456e-02,1.1653446e-01,-6.9332703e-02,8.9946175e-02,-4.7296705e-03,9.9675273e-02,1.7124747e-01,-3.3249035e-02,-1.2010844e-01,7.5017854e-02,1.7991424e-03,1.0900578e-01,-2.6351169e-02,-2.6044830e-02,-7.0125818e-02,1.6511789e-01,1.1005220e-01,3.0619427e-02,7.0995312e-02,8.7967600e-02,-7.8849157e-02,6.1854739e-02,1.5903208e-03,3.2179446e-02,8.8425931e-02,-5.3196140e-02,4.0554309e-02,-1.4596240e-02,-1.8419496e-02,9.8607009e-02,1.0251061e-01,-7.5606198e-02,-5.5018208e-02,9.6552761e-02,-4.2361830e-02,-7.4460557e-02,-6.6539222e-02,-7.3984500e-02,-2.5564480e-02,4.2365167e-02,2.3732997e-02,-9.7943261e-02,-5.6663744e-02
1.0023986e-01,1.1748001e-01,1.2984958e-01,4.8080494e-02,-9.6059133e-02,-8.4140727e-02,-5.9021668e-03,-1.7371303e-02,-1.3423617e-01,4.3964722e-02,-6.2052734e-03,-6.0331704e-02,8.4759455e-02,3.2848512e-02,-5.0269584e-02,1.8676232e-02,7.0454095e-02,-3.2982129e-03,-8.8611613e-02,-1.3542306e-02,-1.6003309e-02,-6.3586596e-02,-1.2940392e-01,7.4189505e-02,8.4009702e-02,-3.6489665e-02,-1.4017000e-01,4.0242437e-02,-5.8979480e-02,-1.7045882e-02,-1.4952870e-01,9.9058576e-02,-8.9846033e-02,-2.4453486e-02,6.7654063e-02,1.0907019e-01,1.3183314e-01,1.2274689e-01,-1.0403165e-01,-1.0340613e-01,1.2186380e-01,9.4368358e-02,1.1557297e-01,1.3303783e-01,-4.8863318e-02,-9.1089753e-02,1.3814248e-01,-1.2434866e-01,-1.1733449e-01,-8.1860102e-02
3.4431084e-02,7.4381103e-03,1.0577061e-02,1.0738441e-01,2.2667712e-02,-9.1489135e-02,-1.4267587e-01,-1.1618828e-01,-6.6904053e-02,-9.0633272e-03,1.1178341e-01,1.3906308e-01,-7.6850062e-02,-4.0104563e-02,1.3589074e-01,4.4900890e-02,5.8555602e-02,-5.0267023e-02,1.4490629e-01,-7.7706540e-02,7.4829689e-02,1.1406180e-02,1.0470849e-01,7.4414608e-02,-1.7418576e-03,4.6477962e-02,-1.2315954e-01,7.9814388e-02,6.5513716e-02,-3.8076709e-02,8.6331138e-02,1.0283367e-01,1.2380963e-01,1.9381151e-02,1.3754036e-01,-1.2611112e-01,-1.3422314e-01,9.8804657e-03,1.9370868e-02,-7.9286409e-02,1.6851504e-02,-1.1123879e-01,7.6448720e-02,-2.0719459e-02,-7.8934800e-02,1.0467363e-01,-4.5998317e-02,1.3877034e-02,8.1634863e-02,-7.9306761e-02
-3.8583788e-02,8.7612042e-02,1.3816955e-01,1.0504971e-01,1.1253263e-01,-3.6215932e-02,-1.0171986e-02,6.2674715e-02,6.4139666e-02,1.9528546e-02,9.2391063e-02,-2.6370175e-02,-1.3004527e-01,-1.2965229e-01,1.1921712e-01,-9.5726733e-02,-5.8918380e-02,-3.1014486e-02,-7.5055876e-03,-1.2011377e-01,-3.3799057e-02,2.9305153e-02,-1.1117647e-01,-1.0693670e-01,1.0758913e-01,6.8450900e-02,6.5650474e-02,1.2863635e-01,-5.6259727e-02,-9.9212481e-02,7.5690912e-03,-9.8271359e-02,-1.0437646e-01,-3.7686672e-02,-1.0451863e-01,9.4104165e-02,-1.0503477e-01,-7.8606554e-02,6.6643440e-02,1.3594618e-01,7.1338312e-02,1.1625008e-01,1.3761481e-01,-2.4962199e-02,-1.4571382e-01,8.4408141e-02,4.6145675e-02,-1.1223622e-01,-9.2480563e-02,1.2947485e-01
6.1247260e-02,-9.8917671e-02,6.4499458e-02,9.1596207e-02,-1.4900673e-01,-7.9409039e-02,1.0326837e-01,7.5281075e-02,-1.3985984e-01,-4.7827791e-02,1.2983576e-01,-1.3643185e-01,4.2704862e-02,1.2944161e-01,5.4915488e-02,4.4694863e-02,2.0678088e-02,1.9578690e-02,-5.6392815e-02,5.8833595e-02,8.2951220e-02,-1.0126269e-02,7.1591192e-02,5.5761442e-02,-2.7085058e-02,1.1705593e-01,3.4187876e-02,1.2804579e-01,-9.6038955e-02,-9.1088192e-02,-1.1001362e-01,1.9820918e-02,-2.3178803e-02,2.5794867e-03,8.1578622e-02,-1.8439667e-03,-8.0016657e-02,-7.2807832e-02,-3.3921775e-02,6.4743665e-02,7.2646111e-02,9.3642454e-02,-8.9887538e-02,-1.2441328e-01,8.1688003e-02,-1.4797607e-01,-1.3918486e-01,-4.0737712e-03,-3.1533605e-02,-6.8379726e-02
1.2677051e-01,-1.2089174e-01,-1.2209652e-01,9.3440353e-02,1.0495005e-01,1.1294464e-01,-1.4350743e-01,1.0374392e-01,9.1305860e-02,2.0839216e-02,-8.8887158e-03,8.8565480e-02,2.6652818e-02,2.7243541e-02,-2.9084414e-02,4.9517915e-02,-1.1414231e-01,1.0319270e-01,-9.1365340e-02,9.3953289e-02,6.0515349e-02,1.4420265e-01,8.6105147e-02,-3.1570821e-02,-9.5196102e-02,-1.0304658e-01,-4.4631433e-02,1.0125085e-01,-9.9384282e-02,9.4833869e-02,-1.2473690e-01,-8.9188424e-02,1.2416524e-01,-5.2028799e-02,9.9013566e-02,-6.6764387e-02,1.1957683e-02,1.3939123e-01,-3.0937682e-02,1.2628894e-01,3.0652804e-03,9.0493672e-02,4.4367124e-02,3.1274171e-02,-4.8942278e-02,1.1335953e-01,-1.2742499e-01,-1.1670901e-01,-1.1402060e-01,-8.9605642e-03
-1.0662361e-01,-1.2945664e-01,2.8964725e-02,2.2835066e-02,7.8187705e-02,4.3922922e-02,-8.9215757e-02,-8.3530757e-03,5.3245445e-02,9.0040335e-03,-1.1968034e-01,-4.9988465e-02,-2.7893023e-02,4.3197606e-02,1.1575460e-01,-9.6102315e-02,1.0643026e-01,-1.2128798e-01,8.7402264e-02,-2.8999932e-02,5.8209527e-02,1.0045275e-01,-5.0628623e-02,7.1153842e-03,-1.2972936e-01,-7.9270408e-02,-4.8502241e-02,-2.4450485e-04,-7.3509353e-02,-9.0703053e-02,2.4547876e-02,5.2409082e-02,-4.6501027e-02,9.5368453e-03,-1.3269110e-01,7.6568896e-02,1.2056974e-01,-1.0493643e-01,-1.1394504e-01,-8.4203319e-02,-2.5698946e-02,-1.1150306e-01,1.3840283e-01,4.8618716e-02,1.3514688e-01,1.2055222e-01,-1.3019299e-01,-4.7908422e-02,8.4801796e-02,1.3568639e-01
-1.5122988e-02,5.2661002e-02,-1.5544078e-02,-1.3822851e-01,5.0731433e-02,2.9878090e-02,-7.0089103e-02,-1.0005200e-01,1.1075006e-01,8.1672490e-02,-1.6596838e-02,-3.6030046e-02,-7.0523512e-02,4.1234018e-02,1.6941480e-03,-9.5287934e-02,-8.4451885e-02,1.2552667e-01,-1.2592991e-02,9.4995915e-03,1.4976190e-01,7.8465262e-02,-8.1864846e-02,1.2411739e-01,-7.7130760e-02,6.0330984e-02,-9.0461216e-02,1.3185889e-01,7.4559809e-02,-5.2657912e-04,9.1720264e-02,1.1405463e-01,1.2196427e-01,-5.5792642e-02,5.5198779e-02,2.2190584e-02,-1.3339937e-01,-4.7001260e-03,-6.8484710e-02,-5.5884167e-02,1.1231186e-01,5.6884774e-02,9.4484944e-02,1.3429809e-01,7.9236698e-02,-3.1118515e-02,1.4383848e-01,3.6402249e-02,1.1600470e-01,2.2766366e-03
-4.1513475e-02,-1.9378215e-02,-2.5927458e-02,3.2900684e-02,1.2581368e-01,-8.6094024e-02,-6.6508040e-02,1.2182880e-01,-9.1154958e-02,-8.6591445e-02,8.1218474e-02,3.1995146e-02,-1.0867668e-01,3.4159694e-02,1.1902386e-01,1.3717436e-01,-1.5579519e-01,-1.3455668e-01,-1.2358538e-01,5.0201176e-02,-3.1465295e-03,2.6993264e-02,-1.0669433e-01,1.1378587e-01,5.4723126e-02,1.4053882e-02,3.4048015e-02,-4.7462717e-02,-4.2299500e-02,-5.1161877e-02,9.9715369e-02,-1.0805174e-01,1.1967786e-01,-9.0169032e-02,-1.2235660e-01,-4.9324156e-02,3.4378507e-03,1.0417632e-01,6.0955389e-02,-1.3410359e-01,-4.9106579e-03,9.1027578e-02,-1.1036012e-01,1.5242478e-01,-8.1991975e-02,2.1186658e-02,2.7776573e-02,-7.8879789e-02,1.0417052e-02,1.1543904e-01
1.0495365e-01,8.4167353e-02,-6.1965783e-02,3.0639182e-02,-1.0321132e-01,-5.7742826e-02,-5.0240211e-02,1.2532872e-01,-4.3688271e-02,-2.9881541e-02,-1.5483551e-01,-1.4285913e-01,-8.5994368e-02,-5.1564651e-02,-6.3100698e-02,9.2678455e-02,1.1422779e-01,3.6650251e-02,-1.4860110e-02,1.1314428e-01,-1.3793577e-01,2.6235616e-03,1.1811624e-01,2.1905739e-01,1.3611925e-02,1.0582624e-01,-9.0468454e-02,4.4259122e-02,-1.6749363e-02,-5.8726908e-02,-5.0941664e-02,1.3560356e-02,8.1029089e-02,4.2440372e-02,-9.8644375e-02,-1.2036097e-02,5.7883789e-03,-9.6229090e-02,-1.1735524e-01,-8.9195379e-02,6.1571726e-02,-1.3548631e-01,-5.0134635e-02,-8.7519877e-02,1.3164974e-01,-9.5748097e-02,-1.3333649e-01,-3.1093966e-02,6.0787304e-02,-8.3600954e-02
-2.3538082e-02,-1.3710377e-01,-1.1985950e-02,-9.7611915e-02,1.0276296e-01,-1.2591165e-01,3.7641518e-02,2.9135627e-02,-1.3723025e-02,-1.2859982e-01,1.0859684e-01,-3.1644668e-02,-1.1323877e-01,1.1593457e-01,-2.6579074e-02,4.7263080e-02,-1.0620871e-01,8.1851671e-02,-3.2633988e-02,-2.2938654e-02,5.9939428e-02,4.0484342e-02,5.9691293e-02,-7.0367488e-02,-1.0738407e-01,-8.1593981e-03,8.2047112e-02,4.2645680e-02,1.0106768e-01,-8.9077623e-03,8.6797525e-02,-7.4298603e-02,-2.5084367e-02,-7.0282444e-03,-6.7992050e-02,8.1928827e-02,-1.3930238e-01,-1.3985042e-01,3.3817165e-02,-1.2709586e-01,3.7250525e-02,1.4426687e-01,9.8993654e-02,-4.9180333e-02,-9.4485186e-02,6.8448434e-02,-1.1723510e-01,1.4154858e-01,-1.6397455e-02,2.4047062e-02
-1.2649058e-02,2.5661012e-03,1.0856437e-01,-1.1205429e-01,7.8967516e-02,1.2676566e-01,-3.6791198e-02,-7.3067392e-02,2.9296971e-03,1.1568717e-01,1.3888735e-01,-1.3121197e-01,-1.0144085e-01,8.4169386e-02,2.9898028e-02,-1.3417244e-01,-1.3721600e-01,1.2588339e-01,5.8033156e-02,-1.0880091e-01,-4.1188858e-02,-6.4342972e-02,6.2076757e-02,-1.3152414e-02,-7.2090278e-02,1.2863065e-01,4.4765896e-02,1.0546180e-02,-6.7277036e-02,1.0885065e-01,5.3769902e-03,-5.1414717e-02,4.7651188e-02,3.9711192e-02,9.2667929e-02,6.3769593e-02,-1.0889933e-02,1.1712014e-01,-7.1586495e-02,7.7076653e-02,8.7388105e-02,6.4769443e-02,1.2030771e-01,1.1978642e-01,1.1993543e-01,1.0585930e-01,-4.5323321e-02,-5.0419576e-04,3.3009899e-02,9.3292311e-02
1.3208884e-01,-8.0995396e-02,7.1478023e-03,1.5489627e-01,4.0507462e-02,1.1172748e-01,3.7284021e-02,-3.5781722e-02,6.7346114e-02,1.3977133e-01,-2.7040850e-02,7.4348671e-02,-1.3230850e-01,-1.2586918e-02,-1.3273227e-01,1.0360504e-01,3.8093383e-02,-5.7562544e-03,1.3543091e-01,-9.6586197e-02,7.7308582e-02,5.7115292e-02,-8.8652827e-02,-7.5802324e-02,-6.0935539e-02,7.8348642e-02,1.0022777e-01,1.3455447e-02,4.6874247e-02,-1.4965731e-02,4.2701425e-02,6.5155817e-02,3.9476108e-02,8.9908552e-02,-9.4093344e-02,2.2294890e-02,1.9619482e-03,-9.2286415e-02,-6.0559878e-02,-6.4893207e-02,-4.5894567e-02,-8.4127093e-02,-3.5303426e-02,-7.0676605e-02,1.2183341e-01,-2.8533006e-02,1.3393249e-01,1.0686008e-01,1.2485146e-01,-1.4819752e-02
1.1760909e-02,8.8249949e-02,1.3505890e-01,9.8059557e-03,-1.3599732e-02,6.8724948e-02,-2.8051931e-02,1.2401418e-01,-1.2904773e-01,-3.5696485e-02,-6.5109564e-02,-2.3997465e-02,-1.1793325e-01,-4.3043096e-02,1.0631906e-01,-5.0609071e-02,1.0118199e-03,9.1276097e-02,-6.2740855e-02,7.7948807e-02,-3.2492529e-02,-6.1060410e-03,2.5400793e-02,4.9706456e-03,8.1690345e-02,-4.3978882e-02,-7.9684964e-03,2.2046699e-02,9.5611768e-02,-6.2208675e-02,1.1169292e-01,-8.0960642e-02,2.8070573e-02,1.3294271e-01,2.1974270e-02,1.1677091e-01,-8.8240650e-02,-4.3057577e-02,1.9364489e-02,-2.6692194e-02,5.9326721e-02,7.2133083e-02,-3.7501310e-02,9.5000088e-02,-2.8795861e-02,-2.1499779e-02,1.5073413e-01,5.8177245e-02,5.5424363e-02,-1.3038010e-01
7.7047846e-02,1.4637917e-01,-1.1323457e-01,4.2170993e-02,7.0922899e-02,6.8003329e-02,-4.7303244e-02,5.6826335e-02,9.3979776e-02,-1.2645208e-02,-6.1087504e-02,-1.1751584e-01,-9.1966533e-02,4.1339126e-02,6.9323616e-02,-9.4843970e-03,4.6614005e-03,4.9654403e-02,-1.2423502e-01,-1.0320799e-01,7.4087040e-02,1.1281768e-01,1.2673758e-01,1.0649786e-01,-1.3876023e-01,-5.4645053e-04,-3.1489483e-02,-1.3480540e-01,-1.3600062e-01,1.0157600e-01,-5.7613128e-02,1.1400648e-01,-1.0223577e-01,5.6378674e-02,-6.5307481e-02,1.2558242e-01,5.3459327e-02,3.4951374e-02,1.0427748e-01,7.4070396e-02,7.9946984e-02,-9.4877126e-02,8.4008412e-02,-1.8664759e-01,1.5149462e-02,-1.8139798e-02,2.4355447e-02,8.3177185e-02,-5.2722554e-02,-8.9733815e-02

-1.1570057e-01,8.1508464e-02,6.3390722e-02,4.2609843e-02,-1.3941933e-01,-2.0611179e-02,-9.1085431e-02,6.0397659e-02,1.3787752e-01,-1.5446719e-01,-8.2287198e-02,-4.3143776e-02,2.5180287e-02,2.6540517e-02,-5.0003937e-02,-2.4353564e-02,9.2562705e-02,8.6957380e-02,-4.0154475e-02,-7.2570851e-02,-6.3871892e-02,-6.0377002e-02,6.4782300e-02,-2.2614175e-02,3.4875622e-02,1.2718990e-01,1.1339680e-01,-4.3492883e-04,3.0421525e-02,-1.2490900e-01,3.5837666e-02,-2.9554508e-02,6.1356049e-02,3.7650633e-02,4.9044907e-02,1.0981353e-01,1.6822627e-02,3.8639872e-02,4.1115802e-02,1.0901467e-01,-1.2591053e-01,1.1857670e-01,1.2830273e-01,1.0781460e-02,1.2299008e-01,1.1215066e-02,-3.6479896e-02,1.0355445e-01,2.7279876e-02,-1.0565138e-01,6.7878104e-04,-9.9229157e-02,1.0055967e-01,-4.2555100e-02,3.0937483e-03,5.7373797e-03,2.6041388e-02,4.5445968e-04,1.4108215e-01,1.4072048e-01

-5.9558520e-02,5.9207044e-02,3.8642950e-02,1.0166949e-01,4.8477886e-02,-1.1657832e-01,-1.1430770e-01,-5.1971625e-02,-7.4207866e-02,1.4441012e-02,8.2320647e-02,2.4073847e-02,5.6927352e-02,-8.7520252e-02,8.7586002e-03,-1.0070449e-01,1.4451422e-02,1.1495105e-01,4.0734751e-02,9.7862898e-02,-1.2899752e-01,-9.4974977e-02,9.6833262e-02,-1.0483781e-01,-9.5832502e-02,1.0823549e-01,1.0792041e-01,-8.5151170e-02,1.0823822e-01,-1.2852757e-01,3.8289839e-02,4.6142806e-02,-7.0491178e-02,-8.2683452e-02,1.6509348e-02,6.4137315e-02,1.2105961e-01,-4.1351955e-02,1.1860374e-01,1.2807843e-01,1.2627804e-02,-2.6545446e-02,1.1579399e-01,1.5093864e-02,1.0792358e-01,1.7162829e-02,-1.1945699e-01,-2.1936219e-02,-4.9059887e-02,8.4219631e-03,-2.5618226e-02,1.7393176e-03,-6.9616551e-02,9.0812097e-02,6.9184292e-02,7.3358297e-02,9.4759311e-02,-2.4676459e-02,3.9371043e-02,-1.4731094e-02
-7.8906008e-02,-2.4337322e-02,1.2385345e-01,-3.7013107e-02,-4.0977765e-02,1.2038208e-01,-2.3740400e-02,8.4719159e-02,3.4808211e-02,1.9918281e-02,-6.0448199e-02,-7.4172878e-02,5.2115586e-03,1.1315655e-01,-1.5934750e-02,-1.0163243e-01,4.3913002e-02,-4.8110463e-02,1.3837732e-01,1.7489337e-02,4.2482377e-02,9.7579048e-02,7.1389927e-02,3.0341057e-02,1.2276408e-01,-8.1258582e-02,-1.9793572e-02,1.0479289e-01,1.2823035e-01,4.8494587e-02,4.2821429e-02,-7.7024360e-02,-2.4544693e-02,-7.0151565e-02,6.6303393e-02,-3.0301123e-02,-1.1929181e-01,1.6662611e-02,1.3534645e-01,1.3295980e-01,4.0660391e-02,7.3018521e-02,-5.7138659e-02,-5.7288550e-02,6.8360891e-02,1.2532198e-01,-1.1460991e-02,-1.2583319e-01,-3.8244458e-02,9.6598952e-02,5.4439398e-02,1.0728154e-02,1.2474729e-01,8.0098539e-02,-8.3495130e-02,6.7271428e-02,-7.1610008e-02,2.0206939e-02,-7.3901253e-02,1.1967692e-01
-5.8331624e-02,1.1445196e-01,7.3749322e-02,5.1568731e-02,1.2804419e-01,-6.0478022e-02,4.5317836e-02,-1.1371651e-01,2.0800420e-02,2.7406708e-04,3.7633371e-02,2.3701069e-02,-1.1436871e-01,4.7658195e-02,-8.5768656e-02,-2.3927275e-02,9.9167842e-02,-1.0957074e-01,8.4505759e-02,-8.0876861e-02,8.0628442e-02,6.7398867e-02,-6.1062288e-02,6.0048828e-02,-1.1319543e-01,-6.4062613e-02,-6.3230494e-02,-1.2855768e-02,1.2538578e-01,-6.4640283e-02,-6.6490819e-02,-6.5846696e-04,-1.1315726e-01,8.2606215e-02,8.8034149e-05,-7.6474227e-02,1.0030333e-01,-3.9690234e-02,-2.6668070e-02,1.1606598e-01,-2.6286806e-02,-9.2560545e-02,3.0034551e-02,4.1484112e-02,-2.6786684e-02,-1.7675495e-02,1.0461973e-01,-1.4384788e-02,-5.6732460e-02,-2.2936434e-02,3.3241670e-02,-2.1155638e-02,-1.1834259e-01,7.4083391e-03,-3.0213324e-02,5.5869444e-02,3.8777043e-02,-8.6353076e-02,1.0925256e-01,-2.1492591e-02
7.5963779e-02,-2.6191182e-02,9.5754519e-03,1.2719611e-01,-6.2017107e-02,1.2039227e-01,-4.3839782e-02,6.5511533e-03,-2.0025233e-02,-8.7605867e-02,9.4446446e-02,8.8102943e-02,9.5747464e-02,8.3667790e-02,-3.6967336e-02,-5.8989323e-02,-7.4198471e-02,-5.0708586e-04,3.3016774e-02,9.0451720e-02,-2.7472073e-04,1.2604276e-01,1.3260203e-01,1.1892334e-02,1.0562377e-01,2.7189851e-02,1.1685092e-02,7.2488734e-02,-3.9867168e-02,2.8621501e-02,-5.1173034e-02,-1.1693457e-01,-9.8246872e-02,1.1663921e-01,-8.1938795e-02,-1.0576396e-02,3.0487843e-03,-2.4314633e-02,7.8641979e-02,9.5688838e-02,5.4437149e-02,-9.4029369e-03,-1.1904736e-01,-8.2564014e-03,3.2148247e-02,1.3246801e-02,7.5288056e-02,5.9197436e-02,-8.4584708e-02,7.5147862e-02,-1.0546258e-02,8.4692511e-02,-1.0498029e-01,-7.9554909e-02,1.6884074e-02,-9.7068679e-02,5.8484040e-03,-4.7835989e-02,-4.9963638e-02,2.5578379e-02
-4.6813566e-02,5.5533394e-03,7.6407704e-03,-5.9298414e-02,1.0741836e-01,6.2918953e-02,4.8608043e-02,-7.9366214e-02,9.0887447e-02,1.2710713e-01,-6.3031172e-02,1.2372561e-01,5.1460468e-02,-1.2551711e-01,-8.4455305e-02,6.6833333e-02,-8.1474337e-02,9.1117531e-02,4.6998330e-03,8.1419989e-02,-1.0873909e-01,-6.8720595e-02,4.6904508e-02,-3.1895909e-02,5.5554096e-02,9.4675173e-02,-1.9865791e-02,8.9936733e-02,-1.1823212e-01,1.0912988e-01,-1.2557858e-01,-3.5460169e-02,-6.9706675e-02,-1.2419371e-01,8.9404558e-02,-4.0859181e-02,-2.4027946e-02,-9.0796329e-02,9.5229827e-02,1.1722845e-01,-3.9287499e-02,-1.1120736e-01,-1.4833283e-02,-1.1902407e-01,-7.5783124e-02,-5.3888483e-02,-4.0022354e-02,8.2412528e-02,2.6779435e-02,-3.6732359e-02,-8.4342607e-02,1.2000639e-02,3.1696249e-02,-6.4790849e-03,-8.9047895e-02,6.4535396e-02,1.1114306e-01,1.7409461e-02,1.0173187e-01,3.6774078e-02
-2.0455066e-02,6.6475715e-02,-6.4137415e-02,1.2851173e-03,1.2250003e-01,6.3281859e-02,-4.9245354e-02,-1.1758627e-01,2.9872376e-02,1.1454800e-01,1.4005151e-02,4.8012632e-02,3.8486148e-02,-6.0075731e-02,7.2968267e-03,-9.5097156e-02,5.4204368e-02,-2.9806962e-02,7.3814692e-02,1.6736062e-03,1.1309465e-01,1.1467744e-01,1.1713413e-01,1.9385259e-02,3.1960155e-03,6.3491857e-02,3.9650946e-02,-8.3488075e-02,-4.4729726e-02,-6.3991031e-03,-8.9752799e-02,-7.5315110e-03,-3.4646295e-02,-3.4528753e-02,-7.9482779e-02,5.9598506e-02,-5.0492942e-02,-2.1905284e-02,5.9445383e-02,2.3916706e-02,-3.1779558e-02,-6.3318600e-02,-7.5441661e-02,7.8703645e-02,-7.8548041e-02,1.0417839e-01,-3.7977010e-02,-6.1282974e-02,-2.2715950e-02,-5.1812313e-02,1.6604892e-02,-3.1624829e-02,-2.7858682e-02,-5.3310581e-02,-1.2630467e-01,-4.9768393e-03,9.3667170e-02,-7.9333133e-02,-1.0550369e-01,-5.1854320e-02
-7.7539938e-02,-1.2052678e-01,-8.8820331e-02,1.5417534e-02,-7.2945668e-02,-1.2633285e-01,6.9738833e-02,-2.0973959e-02,-8.7500901e-02,-5.8334281e-02,3.1461105e-02,-5.4737031e-02,-1.3856430e-02,-1.8615409e-02,-1.0508477e-01,-5.2929883e-02,5.3583822e-02,-5.3725734e-02,-1.0501191e-01,-4.3624374e-02,5.3698474e-02,-9.5541416e-02,2.8583084e-02,-9.3881427e-02,-6.1452948e-02,-2.0899322e-02,1.0553924e-01,6.8486124e-02,-1.2118169e-01,2.9555758e-02,-4.2006616e-04,-6.9358490e-02,-4.8676173e-02,-2.8359004e-02,-3.3992125e-02,-1.9753039e-02,-1.9711282e-02,3.7857402e-02,1.2006357e-03,1.0940183e-01,1.0807995e-01,-1.0429907e-01,1.1958256e-01,7.8819595e-02,9.5839027e-03,3.4101598e-02,6.3006204e-02,1.0943175e-01,-1.2721394e-01,-8.5947744e-02,-4.8714388e-02,-1.5169254e-02,6.9507472e-02,1.1229862e-02,-7.4366224e-02,5.8808808e-02,-8.4452127e-02,2.4770066e-04,1.1746997e-01,-1.0121599e-01
1.4558634e-02,-2.1291128e-02,-7.1933902e-02,-8.8251588e-02,-1.1836860e-01,1.2286787e-01,-1.2751358e-01,1.3085015e-01,-6.2090503e-02,-7.0679237e-02,5.2968697e-02,1.1435176e-01,1.7997723e-03,-8.1676449e-02,6.5053130e-02,2.3968511e-03,-1.2150864e-01,-1.1256347e-01,8.4941111e-02,8.7132601e-02,-8.0254031e-02,8.4543607e-02,1.4158948e-02,6.3252225e-02,1.2413269e-01,-5.8025579e-02,1.0710365e-01,-2.6432421e-02,6.0620909e-02,2.8153524e-02,-1.1888702e-02,4.0982795e-02,1.0194028e-01,-8.9913222e-02,-2.1075716e-02,3.9743685e-02,-9.1022867e-02,3.4370461e-02,3.7212400e-02,7.3034164e-02,9.6869134e-02,-4.8831152e-03,-2.1924775e-02,-5.2927690e-02,-2.2821726e-02,-5.1846324e-02,-7.0416649e-02,7.0012668e-02,-5.5475983e-02,-1.1934959e-01,-6.9161655e-02,6.7237078e-02,5.0001202e-02,-5.5789814e-02,9.1831256e-02,-1.6727710e-02,8.8798408e-02,-2.2642033e-02,-5.7913308e-02,5.4271108e-03
3.4635580e-02,-1.0364483e-02,8.8917179e-02,6.4009308e-02,-5.0722979e-02,-4.6622036e-02,1.3032250e-01,-4.3438714e-02,-4.2772690e-02,7.1704788e-02,9.5007032e-02,9.5428640e-02,1.0041239e-02,-5.9177066e-02,8.8167606e-02,1.1261096e-01,-1.4635667e-02,9.3444259e-02,3.1103408e-02,-1.6464306e-01,8.5748568e-02,-5.8050128e-02,-1.4568138e-02,-9.4687809e-02,-8.7255743e-02,1.3180184e-02,-9.5009858e-02,1.0692168e-01,-8.3170323e-02,9.0439622e-02,-1.6138859e-01,2.3439433e-02,8.5829204e-02,-6.2948006e-02,6.9434161e-02,1.2516826e-02,-1.2369741e-01,-5.7689634e-02,-2.6053465e-02,-1.2231833e-01,7.3707324e-02,-1.1612307e-01,6.7761700e-02,-4.7836139e-02,3.7084522e-02,-1.3848932e-01,9.7971517e-03,9.8093450e-02,8.8622876e-02,-7.6152594e-02,9.3457663e-03,4.6251024e-02,1.2040082e-01,-1.7381003e-02,-1.7270602e-01,-1.1137982e-01,6.1947185e-02,3.3893898e-02,2.9836718e-02,-3.3320474e-03
-1.5865588e-02,-8.5918333e-02,1.2574362e-01,3.9485340e-02,-6.5809722e-02,1.0488100e-01,6.4210977e-02,-1.2916901e-02,9.3355997e-02,3.7806362e-03,-8.4091798e-02,2.3849865e-02,1.1335778e-01,-6.8256448e-02,-1.0128311e-01,1.1475940e-01,9.6514538e-02,8.2022301e-02,1.1567810e-01,-8.1168474e-02,9.1167685e-02,1.3931535e-01,6.8269819e-02,8.3550596e-02,8.6896113e-02,3.9924437e-02,-3.4551085e-03,-4.1667166e-02,-1.0194995e-01,-8.0275204e-02,9.3861957e-02,3.5342463e-02,-7.5762394e-03,5.1798644e-02,1.1691671e-01,-8.4604782e-03,1.1699095e-01,-8.0285763e-02,1.1143517e-01,-5.9042537e-02,3.6615793e-02,-9.2678155e-02,1.1385336e-01,5.0840725e-02,2.0616543e-02,1.0160749e-01,-4.9058479e-02,1.2739060e-01,8.4651230e-02,8.6269177e-02,-4.0546610e-02,4.9734001e-02,-3.1166869e-02,-4.9218004e-02,1.1746621e-01,1.1306917e-01,-5.2266115e-03,5.1171973e-02,4.8641607e-03,6.2372779e-02
-4.4067430e-02,6.9193795e-03,-5.9833130e-02,-9.7523143e-02,-4.4597557e-03,-1.1685566e-01,-5.9576136e-03,6.6528946e-02,-3.9581743e-02,1.0360262e-01,-3.4496145e-02,1.0464758e-01,1.2000972e-01,-3.6021039e-02,-1.0793559e-01,6.4281422e-02,-6.9544369e-02,-9.1136215e-02,-6.2411664e-02,1.9617789e-02,4.3222784e-02,2.1521978e-02,-9.1058527e-02,2.1693231e-02,-2.8382058e-02,3.3486744e-02,-8.6975235e-02,-7.2096068e-02,-7.0165734e-02,7.4984740e-02,1.0211737e-01,8.8530462e-02,8.3543466e-02,3.4016100e-02,3.1252505e-02,-1.9180309e-02,5.1586996e-02,4.5108887e-02,-1.1632640e-01,-3.9334598e-02,-1.0185598e-01,-7.6347458e-02,1.6697327e-02,-9.3207031e-02,1.4805528e-02,-4.9415019e-02,-4.2238695e-02,-1.1833079e-01,5.5355525e-02,-3.2558143e-03,9.7595707e-02,-6.0403836e-02,2.7248578e-02,2.5809935e-02,9.5271243e-03,1.2502030e-01,-6.2355729e-03,5.2619945e-03,2.2347137e-02,-8.0286534e-02
-2.8572956e-02,8.9629791e-03,-1.8355373e-02,-1.2156890e-02,8.6828890e-02,-1.2755419e-01,1.6816798e-02,2.8294376e-02,1.1857731e-01,1.0577663e-01,-1.2356955e-01,1.4945051e-02,8.7226268e-02,-1.0322166e-01,4.0499939e-02,-8.9220368e-02,1.9730661e-02,1.0135375e-01,3.6826828e-03,-1.3666398e-01,-5.8394436e-02,1.0735864e-01,-2.6535499e-02,-2.2561027e-03,-7.8623862e-02,-1.5033525e-02,-1.1242673e-01,-1.0470326e-01,4.0679427e-02,-5.7409912e-03,9.6182110e-02,1.3582838e-01,-8.3162897e-02,2.1878874e-02,-1.0957575e-01,2.5608681e-02,-9.9061136e-02,1.1564730e-01,2.6954949e-02,-6.4129055e-02,3.4465875e-02,7.6710949e-02,5.5907477e-02,1.0700573e-01,-2.7768102e-03,-3.7989262e-02,2.9470461e-02,-1.0632935e-02,-2.3784909e-02,-5.0333637e-02,-3.3324760e-02,-8.9944917e-02,-5.2732627e-04,-7.6653283e-02,4.5459079e-02,6.0305853e-02,-2.7548298e-02,1.0252374e-02,1.3096029e-01,-8.1878519e-02
-3.3188659e-02,-8.2418172e-02,1.2204886e-01,-1.2381712e-02,2.3825622e-02,-1.9264491e-02,-8.5241077e-02,1.0767717e-01,1.4471685e-02,-8.7352417e-02,-8.4352003e-02,-3.2442503e-02,-6.4761326e-02,-7.4867248e-02,6.4974920e-02,1.5112143e-02,5.6010374e-03,-6.1841389e-02,-7.8805425e-02,-3.1973718e-02,-6.7254358e-02,7.9949535e-02,-2.0411581e-02,1.1770794e-01,1.1045918e-01,-7.2550543e-02,4.0174334e-02,-1.1093728e-01,-9.1307937e-02,-6.7473892e-02,-4.0321675e-02,7.0345855e-02,-2.0042146e-02,9.1609677e-02,-4.8115629e-02,-2.4558891e-02,1.1109392e-01,8.9640145e-02,-7.3217959e-03,-4.7548499e-02,5.1062533e-02,1.2777911e-01,3.3950440e-02,-1.0929078e-01,8.2683359e-04,6.5214130e-03,-3.2342018e-03,-1.1759875e-01,-7.0022099e-02,1.1613063e-01,1.2522808e-01,-8.0295853e-02,7.7404536e-03,-7.4968566e-04,-8.4764659e-02,-7.6158941e-02,-2.3067878e-02,-2.2429165e-02,8.5398971e-02,-1.6221989e-02
-2.5990854e-02,-1.1990092e-01,-9.2219911e-02,4.5706367e-02,3.7399333e-02,5.8176677e-02,1.1535779e-01,4.8799492e-02,-1.1511117e-01,9.9398731e-02,-5.1617991e-03,1.0493315e-01,4.6890765e-02,1.1823857e-01,-9.5307195e-02,9.9059745e-02,-4.6149608e-02,-2.5525281e-03,-7.7360471e-02,7.9577552e-02,7.8965203e-02,-8.4362021e-02,-7.2467190e-02,8.4910560e-02,5.6979437e-02,-8.5755858e-02,-7.6241722e-02,-1.4894435e-02,-9.6602125e-02,4.7543725e-02,-5.4469784e-02,8.5121968e-02,-5.4283915e-02,1.1501634e-01,1.9849314e-02,6.6928240e-02,4.6655914e-02,-1.2247629e-01,4.0046560e-02,-7.8988947e-02,5.3347593e-02,-1.1576744e-01,-8.6887888e-03,-9.0576524e-02,1.0686283e-01,-1.8212486e-02,-1.0318792e-01,8.5696926e-02,-7.0189032e-02,-2.4336024e-02,9.5655078e-02,-8.0182476e-02,9.3685863e-02,4.2383245e-02,4.1164436e-02,-9.0041765e-02,-8.8392807e-02,-1.2542701e-01,2.4966203e-02,-3.4152153e-03
-3.7180366e-03,-3.7101422e-02,2.9155770e-02,9.1731713e-02,-1.2707519e-01,-1.8647573e-02,9.5848913e-03,-7.4077371e-02,-8.9685050e-02,-7.1895661e-02,5.7964911e-02,5.2299022e-02,-1.1798709e-01,-3.2112701e-04,9.0341015e-02,8.3358285e-02,-2.6908120e-02,5.1849391e-02,-4.0100074e-03,-7.9310990e-02,3.3142574e-02,1.1473685e-01,-3.8761060e-02,5.5035272e-02,5.6870141e-02,1.2596817e-01,-3.9748275e-02,1.3428339e-01,1.3825844e-01,7.8356012e-02,9.4692387e-02,-5.9600366e-02,1.0677837e-01,9.4079590e-02,-8.0622960e-02,-6.2277582e-02,-8.5064707e-02,1.3405051e-01,-6.6480299e-02,-4.2274496e-02,-7.5896826e-02,-4.0176210e-02,-1.1112875e-01,-3.1454591e-02,-1.5667786e-02,-1.2014071e-01,1.2111391e-01,-1.3958821e-01,-1.0832046e-01,-5.3041968e-02,2.8986860e-03,1.2694663e-01,-7.7986744e-02,-3.3821422e-02,1.2884322e-01,-1.3416760e-02,-5.1251205e-02,8.2504611e-02,-3.3454060e-02,1.1947190e-01
8.7910534e-02,1.2044731e-01,1.0745503e-01,3.5436257e-02,-2.4337940e-02,-4.1609687e-02,4.9463562e-02,2.2828931e-02,-3.1963139e-02,1.1724141e-01,7.4922582e-02,7.2925729e-02,2.6783815e-02,5.9541623e-02,-5.7869944e-02,-5.2299651e-02,2.4913844e-02,-4.4272808e-02,2.7385503e-02,4.0817356e-02,5.0543782e-02,-8.7854200e-02,6.1411168e-02,4.8970900e-03,1.2209661e-01,2.3580951e-02,1.1973896e-01,5.9030618e-02,-9.9654819e-02,-8.6864110e-02,1.2099153e-01,7.0602732e-02,-9.6725270e-02,-1.1080050e-01,-6.6434369e-02,-5.7004022e-02,2.4281911e-02,6.5310378e-02,7.3227074e-02,5.5516511e-02,3.7494802e-02,1.0886153e-01,1.0997477e-01,1.2446441e-02,3.8205986e-02,9.9104927e-03,-2.8613990e-02,9.0550383e-02,-2.5476052e-02,4.1080036e-02,-5.0515961e-02,-1.0197510e-01,-5.4344520e-02,9.9965651e-02,8.7245871e-02,-1.0172808e-01,4.1015898e-02,-2.5440678e-02,-1.3345603e-01,1.1114135e-01
1.1703487e-01,-3.0422733e-02,3.4361827e-02,-8.5017946e-02,7.1599111e-02,-4.4191596e-02,-1.2325560e-01,-1.8817693e-02,-7.8483745e-02,4.6880681e-02,2.7400833e-02,-6.9045059e-02,-7.4071024e-05,-4.3545990e-03,8.4560455e-02,1.8232057e-02,-4.4500401e-03,-7.0665712e-02,-1.1223725e-01,-7.0914029e-02,1.0966606e-01,-4.5890154e-02,-4.5379642e-02,1.9964312e-02,-1.2125386e-01,1.0806598e-01,-1.1223038e-01,2.0106766e-02,7.8263436e-02,5.4800360e-02,7.4456576e-02,7.7402636e-02,9.1256953e-02,1.1459516e-01,-1.2730961e-02,-3.1031703e-02,8.5571354e-02,1.2085072e-01,-1.3178677e-02,-1.3592221e-02,1.5221783e-02,-3.0333877e-02,-9.7182608e-02,1.3992034e-03,7.0579226e-02,3.2398421e-02,8.8756722e-03,3.5697741e-02,4.2033121e-02,-1.0188472e-01,6.6570076e-02,4.0038820e-03,-5.6930415e-02,5.2619636e-02,-7.8937129e-03,3.6435847e-02,9.4047042e-02,-3.9798621e-02,-8.9287824e-02,-9.5173051e-02
-3.3543448e-02,1.1709026e-01,-1.8816647e-02,4.1147515e-03,-5.8550313e-02,1.0067003e-02,9.5565864e-02,-8.2401646e-02,-6.8420929e-03,4.6547852e-02,2.6180888e-03,-2.8364194e-02,-2.4364389e-02,-1.0467200e-01,-8.7005533e-02,6.5971211e-02,2.5553391e-02,7.4778212e-02,7.7217095e-02,-1.0434811e-01,1.0712435e-01,-7.1912990e-03,-9.1857888e-02,-7.6405589e-02,-5.2700913e-02,-7.2574558e-02,7.2223928e-02,-1.1881698e-01,-7.4758846e-03,-6.4787523e-02,4.7658541e-02,1.1499702e-01,3.6599024e-02,-4.4479113e-02,5.1233495e-02,9.8128890e-02,9.2408786e-02,-4.1711169e-02,6.7453094e-02,4.0430503e-02,9.3087349e-02,1.2615908e-01,8.4427419e-04,-6.7339397e-02,1.2279576e-02,-2.3946997e-02,1.1261667e-01,-1.2032004e-01,1.2466305e-02,-1.4433673e-02,9.5961791e-02,6.9289049e-02,9.9236837e-02,1.1051561e-01,6.1291505e-02,1.3192358e-01,1.0601736e-01,9.3742663e-02,5.7384661e-02,5.6383818e-02
-6.0946489e-02,-6.0154407e-02,-2.6985484e-02,9.8546663e-02,3.9424633e-02,-7.3057872e-02,9.0009096e-02,6.7764352e-02,1.5381989e-02,-1.2257590e-01,1.0195825e-01,9.7920766e-02,1.6308824e-02,-4.1169043e-03,8.5271860e-02,2.7937445e-02,1.3002342e-01,-5.3179971e-02,-2.2516040e-02,3.2442068e-02,6.2971985e-02,1.6213170e-02,-2.2788725e-02,-6.3065200e-02,-6.1558853e-02,6.1885997e-02,8.9711243e-02,1.0213617e-01,-1.2996402e-01,-1.0464621e-01,7.4750399e-02,-5.8075928e-02,7.8399376e-02,-3.2628073e-02,1.1903696e-01,1.2525232e-01,7.2681357e-02,3.9943318e-02,-1.0394502e-01,-1.6359675e-02,1.2787498e-02,5.1029864e-02,8.6515166e-02,-5.7905503e-02,1.1084844e-01,3.7803340e-02,9.1469011e-02,5.2874387e-02,7.6513904e-02,5.1169515e-02,-5.1931129e-04,-7.0035378e-02,7.1584637e-02,6.6603062e-02,1.5799240e-01,4.5637422e-02,6.0720078e-02,7.1867679e-02,-5.2810466e-02,5.1109646e-02
-2.4634411e-02,-1.1705849e-01,1.4201893e-02,9.8515578e-02,-2.2301846e-02,-9.7556113e-02,1.0580949e-01,5.7331864e-02,-9.4375527e-03,6.4735708e-02,4.1859938e-02,-5.7175573e-03,4.3248541e-02,-2.8312023e-02,9.1187928e-02,6.0941397e-02,4.9427434e-02,-1.6483536e-02,-1.3111051e-01,1.0342487e-01,3.2150286e-02,-2.9409915e-02,4.8644281e-02,3.6894681e-02,4.1032635e-02,-7.1088800e-02,5.1792606e-02,3.1430148e-02,-1.2922821e-01,8.0782533e-02,-1.2723663e-01,-5.1003160e-02,6.7848708e-02,-6.8799812e-02,-1.6933646e-02,4.3787201e-02,1.8731126e-02,-1.2245623e-01,-8.2140034e-02,-9.9135406e-02,2.5684693e-02,-1.2021840e-01,1.3494536e-02,-2.6987291e-02,1.0912287e-01,1.1614778e-01,-4.9872855e-02,-6.9039882e-02,6.8534413e-03,5.5149858e-02,9.3642659e-02,1.0688366e-01,-6.8104538e-02,-3.0564695e-02,1.2297695e-01,1.1304029e-01,-1.0157278e-01,-1.0408180e-01,-1.2160546e-01,-8.6324198e-02
-2.2984469e-02,9.7114124e-02,-1.0664610e-01,1.3898352e-02,9.3844167e-02,7.8049508e-03,-1.3125502e-03,-3.8800497e-02,-4.2642003e-02,-8.4639815e-02,1.4201003e-02,-8.8787539e-02,7.0740400e-02,2.2072419e-02,-6.5285080e-02,1.6184202e-02,7.5364717e-02,8.5308646e-02,2.4132411e-02,6.0995766e-02,-9.9940782e-02,8.2943823e-03,1.1102694e-01,-3.3546986e-03,3.6817985e-02,-8.8104368e-02,9.1284365e-02,1.1393368e-01,-4.4003078e-02,7.7823678e-02,-4.0345519e-02,-6.4722823e-02,7.4257584e-02,-9.6781841e-03,-6.5255800e-02,1.2826069e-01,1.4616227e-01,1.9888627e-02,-9.9171985e-02,1.0132536e-01,3.2422723e-02,-3.4271803e-02,-1.1284171e-02,-4.6147565e-02,1.2518468e-01,1.3030971e-01,-1.2000097e-01,6.8373881e-02,1.1817297e-01,2.4290306e-02,-3.7971390e-02,-2.5027257e-02,9.3089782e-02,-2.5073887e-02,3.1362484e-02,4.0568539e-02,1.8376705e-02,-1.0433321e-01,-1.0217901e-01,1.7305427e-03
8.9002814e-02,1.0936097e-01,-4.0526460e-02,8.2072955e-02,6.0568994e-02,6.1544858e-02,6.6719075e-02,-7.9184439e-02,1.0975637e-01,-1.8516679e-02,-9.4645552e-02,4.5581748e-02,-5.7540269e-02,-5.2883666e-02,-1.1058812e-01,7.8161092e-03,-1.9007911e-02,-1.3113463e-02,-6.9608944e-02,3.7000376e-02,-4.3425912e-02,1.2721134e-02,-6.7955297e-02,6.6579305e-02,3.1926005e-02,1.2042296e-01,-1.0066455e-01,-5.8050654e-02,3.2178035e-02,5.6512438e-02,-3.2766354e-03,-1.1155958e-02,6.4711319e-02,-5.4992155e-02,-3.9006593e-02,-5.4502799e-02,-1.0876011e-01,8.0340276e-02,-5.6769638e-02,1.5723375e-02,9.4208968e-02,-1.0418922e-01,5.3157084e-02,-9.2836342e-02,9.0553427e-02,6.8844833e-02,-7.4647956e-02,2.8970621e-02,7.2863524e-02,-3.8281295e-02,-6.2020336e-02,-6.9715087e-02,9.6262587e-02,-4.8189846e-02,-1.3099674e-01,4.0807144e-02,-1.0737650e-01,-9.3823805e-02,8.4199746e-02,-4.1881678e-02
-1.1372066e-01,-2.7219498e-02,-1.6290248e-02,1.2555153e-01,6.5766320e-02,-8.2237534e-02,4.5687424e-02,1.8430607e-02,-2.1840544e-02,-4.3462462e-02,-8.9792904e-02,-5.1252142e-02,2.3818504e-02,9.0619269e-02,-1.4845237e-02,2.1823821e-02,8.3375283e-03,-2.1865143e-02,-5.7287978e-02,-2.6309180e-02,3.8726386e-02,-5.5764528e-02,8.4465862e-02,9.9989618e-02,4.7316751e-02,-6.1871975e-02,-9.7374694e-02,1.4540793e-01,-2.9087537e-02,-1.0232278e-01,-7.4907392e-02,-8.1299943e-02,-1.0547706e-02,1.1842765e-01,-1.1987014e-01,-3.2272054e-02,-1.0315831e-02,-1.5017281e-01,5.6342499e-02,-1.1287531e-01,7.3918577e-02,-1.4370693e-01,2.8514702e-02,-3.5487272e-02,5.6016911e-02,8.4471565e-02,1.0294406e-01,-9.0800316e-02,5.9555884e-02,-5.0317554e-02,5.8506494e-02,-3.2167153e-02,-6.1195526e-02,1.0288549e-01,8.8801228e-03,-1.1450763e-01,7.2816546e-02,-9.7464469e-02,6.9202754e-03,2.9027780e-02
8.5202213e-02,6.9943437e-02,-6.3177042e-02,1.2349475e-01,-1.7423970e-02,1.1310373e-01,1.1460213e-01,-7.4698211e-02,1.1235187e-02,7.3225232e-02,-5.3965345e-02,6.9332200e-02,3.5308422e-03,1.1847045e-01,3.6625661e-02,3.7565149e-02,9.1506851e-03,-1.0112547e-01,-4.4714099e-02,1.0562243e-02,-1.0149458e-01,1.1337778e-01,-3.7196974e-02,6.5587216e-02,-3.5995902e-02,1.2435893e-01,8.6647460e-02,7.8783772e-02,8.9196326e-03,3.1630870e-02,1.0351575e-01,3.0144000e-02,3.9661674e-02,-1.0252437e-02,6.1216410e-02,6.6386517e-02,5.7506091e-02,3.8674801e-02,6.8367565e-02,-5.0437624e-02,-1.0571649e-01,7.2414216e-02,1.1850841e-02,-3.9900142e-02,-1.1041639e-01,4.1793627e-02,8.6310304e-02,-3.6764157e-02,-8.5422645e-02,-7.9132233e-02,1.0402121e-01,-8.6301365e-02,-2.9241573e-02,1.1077945e-01,8.9624378e-02,-6.3140021e-02,2.2253777e-02,9.6844819e-02,-2.2591490e-02,-8.6290705e-02
1.2289146e-01,9.6676499e-02,-3.1867512e-02,-7.5714620e-02,9.6585617e-02,-3.4485945e-02,3.8647425e-02,-1.0370488e-01,9.7602626e-02,-7.6668843e-02,-7.0095694e-02,-1.0711266e-01,7.5897297e-02,-8.6909010e-02,-1.2300395e-01,1.2262847e-01,-8.7817642e-02,-1.2269400e-01,8.2406539e-02,-2.0153143e-02,7.1541308e-02,-8.2004674e-02,-5.5993310e-02,4.2502414e-03,-9.0076492e-03,4.2574638e-02,-1.2442292e-01,2.1067506e-02,1.2868455e-01,5.4606708e-02,-1.2826704e-01,4.6013481e-02,1.8809922e-02,7.7272318e-02,1.5981811e-02,-4.8875508e-03,-6.4493150e-02,9.2292611e-02,-9.9536653e-02,5.9075089e-02,9.5304576e-02,3.1040439e-02,5.5649837e-02,-9.2052785e-03,-1.2230760e-01,-2.4457886e-02,4.5982352e-02,-1.1062736e-01,-1.0155180e-01,9.2022637e-02,-5.3781564e-02,-5.3411512e-02,-6.1673259e-02,1.2627681e-01,-9.9511753e-02,4.3404883e-02,3.9483626e-02,-4.0708205e-02,-1.1833889e-01,-7.9123923e-02
8.8478160e-02,7.9641428e-02,-1.2970765e-01,-6.5543379e-02,-6.7483004e-03,-9.6585704e-02,-1.2965712e-02,-2.2717776e-02,1.2726079e-01,-9.1150216e-02,9.5125444e-02,1.6305229e-02,-2.7271127e-02,-1.1052934e-01,-5.7968260e-02,-4.7605872e-02,4.5058322e-02,8.5416869e-02,-8.8731376e-02,-8.6458300e-02,-3.0593831e-02,-1.2553083e-01,-8.0637851e-02,1.9679712e-02,-1.1929605e-01,1.2274943e-01,-8.1511558e-02,-5.4462224e-02,7.1753143e-02,3.7134815e-02,-2.6833246e-02,-4.2841008e-02,-6.4315409e-02,2.4746330e-02,1.1046960e-01,8.7292199e-02,-6.3624398e-02,8.2468841e-02,8.3554712e-02,-1.0310757e-01,-3.1284696e-02,9.2682218e-02,7.6499591e-02,-6.8953409e-02,5.1481299e-02,5.5596394e-02,-9.1134007e-02,-1.2254978e-01,-2.6516736e-03,-9.5318016e-03,-4.9835911e-02,7.0440334e-02,-6.1637398e-04,1.9668627e-02,3.5695848e-02,3.3313170e-02,4.0329490e-02,1.3230542e-02,-8.6193564e-02,-1.2347950e-01
-5.1784011e-03,-9.7833997e-02,-4.8889899e-02,-5.5488949e-02,-6.9881892e-02,1.0563524e-01,6.2575923e-02,9.4382395e-02,-3.9552429e-02,1.1150086e-01,2.3415962e-02,1.3869725e-02,-5.1088348e-02,-8.7860764e-02,-4.0284128e-03,1.7737717e-02,6.5165206e-02,7.1069458e-02,-3.8329327e-02,3.5201987e-02,1.1276784e-01,1.2658879e-01,-2.8380943e-02,7.4978727e-02,1.2203950e-01,-3.0461568e-03,1.3431631e-01,3.4127026e-02,9.5983840e-02,8.1144131e-02,-5.7633687e-03,1.9097087e-02,1.0622672e-02,1.2935081e-01,-1.1307425e-01,-5.4251984e-02,8.8648912e-02,-2.7757654e-02,1.3137597e-01,5.7790126e-02,-3.9218449e-02,-8.4616630e-03,1.0561904e-01,-4.1465506e-02,5.5245653e-02,-1.5843501e-02,1.0620938e-01,1.6920566e-02,-2.3332143e-03,1.2577489e-01,-2.8922298e-02,-1.0261805e-01,5.6176544e-02,-1.0051965e-01,-8.7906720e-03,-5.8438632e-02,-8.7758398e-02,-2.0255821e-02,-6.1575121e-02,7.6981550e-02
-4.7137510e-02,7.1983205e-02,-1.6493772e-02,5.7729461e-02,-1.1370775e-01,7.0959874e-02,-1.1358941e-01,1.1409995e-02,5.8221513e-02,-7.4899858e-02,-7.6044889e-02,-4.4799830e-02,8.4680020e-02,-1.1940124e-01,9.2878819e-02,7.6655248e-02,2.9785050e-02,3.2901551e-02,-7.5645883e-02,-2.2998408e-02,6.1282478e-03,-2.6261135e-02,-1.2330913e-01,2.6096714e-02,-7.3178751e-02,-1.5440205e-02,1.0385887e-02,-7.2407224e-02,8.3239999e-02,8.9971260e-02,3.4338454e-02,-3.8278292e-02,-4.5093268e-02,-4.3342530e-03,1.2009538e-01,-1.2883830e-01,6.6219327e-02,3.2052594e-03,-7.7839032e-02,-7.1985737e-03,1.2215920e-01,-2.3369404e-02,-7.5549292e-02,-6.4985623e-02,-2.5661916e-02,5.2867417e-02,1.2694037e-01,3.1103085e-02,-6.8952098e-02,3.8231127e-02,-5.2003040e-02,5.2483244e-02,1.7913627e-02,-6.9214347e-03,8.0533436e-02,1.0246431e-01,1.1338747e-01,7.4502140e-02,3.1736984e-02,-6.7866011e-02
-7.1371036e-02,2.3669119e-02,-6.6077020e-02,9.7425322e-02,-4.8491116e-02,1.9763716e-02,1.0084173e-01,-1.9373535e-02,4.9423471e-02,1.5868903e-03,6.4519197e-02,3.7114336e-02,-2.6593250e-02,2.8486442e-02,3.1461095e-02,2.8159552e-02,1.2805648e-01,4.0432511e-02,7.2660133e-02,-6.2850995e-02,-1.2435123e-01,5.2235290e-02,-3.8903274e-02,-9.1663222e-02,3.5263359e-02,-3.7975380e-02,7.1717033e-02,9.3566025e-02,-1.1609963e-01,-2.9003444e-02,9.2748481e-02,-8.0263693e-02,-3.4497943e-02,-9.1177698e-02,3.1139884e-02,8.3204919e-02,4.7056999e-02,-1.3442533e-01,-1.3051331e-01,-5.8010847e-02,5.4573150e-02,-4.9171763e-02,-6.8068516e-02,3.9922173e-03,6.4713401e-02,-9.5449441e-02,2.3726893e-02,-1.0081108e-01,-2.5375942e-02,-7.6052773e-02,-1.2232470e-01,1.2646101e-02,-1.2620267e-01,1.0192509e-01,4.6573844e-02,-1.1916805e-01,7.4215006e-02,-1.3241349e-01,1.2160372e-01,1.1463992e-01
-1.0433834e-01,7.7593140e-02,6.4472742e-02,4.0206071e-02,-7.6341092e-02,5.1250299e-02,3.7167358e-03,9.9350779e-02,-2.8713431e-02,7.4827316e-02,-1.5955869e-02,4.2013561e-02,-5.9152842e-02,2.4874840e-03,8.9587407e-02,-1.0789178e-01,3.7972418e-02,3.5255103e-03,6.7484989e-02,-1.0472440e-01,2.6820838e-02,-1.0739345e-02,-1.1776003e-01,9.3674126e-02,-8.8009766e-02,-6.1766374e-02,-1.1048318e-01,-9.1701990e-02,8.6342519e-02,3.6022720e-02,5.0266856e-02,1.3203003e-01,-3.7759724e-02,7.0210418e-02,7.2337033e-02,-5.9430004e-02,-4.1603368e-03,-1.0196893e-02,-1.0667838e-01,6.5457766e-02,3.9374330e-02,1.3427343e-01,9.7485035e-02,5.3452805e-02,-1.2523479e-01,-5.5190535e-02,5.7569874e-02,-7.9090669e-02,-8.0979243e-02,-1.0111623e-01,-1.2186239e-01,9.6220279e-02,-2.4622539e-02,4.5967640e-02,1.7784993e-02,-5.7979714e-02,7.3141265e-03,1.0154636e-01,-9.3688846e-02,2.0008194e-02
2.9141389e-03,4.4089633e-02,8.0575170e-02,-3.2999266e-02,-5.1459210e-02,-6.9528182e-02,2.0629934e-02,6.9779213e-02,1.1291074e-01,2.7493783e-02,-7.2484266e-02,6.0311147e-02,-7.8204095e-02,-1.0444926e-02,-1.2196455e-01,5.3114667e-02,1.0208520e-01,1.1115806e-01,-3.4682381e-02,1.3355292e-02,7.5390592e-02,8.6035838e-03,3.4581534e-02,6.6559397e-02,3.4598952e-02,7.2509944e-02,2.8717735e-02,-5.1530425e-02,-5.3248746e-03,9.3893491e-02,-1.2523951e-01,7.7418034e-02,4.8430531e-02,-9.6608139e-02,4.3343692e-02,-9.1156515e-02,5.2265583e-02,6.1084859e-02,-7.2060262e-02,8.8552594e-02,-9.6850280e-02,1.1085963e-01,-1.3791913e-02,7.3362697e-02,9.6081992e-02,-9.2657945e-02,3.0966114e-03,1.6602725e-02,-8.1120756e-02,3.9689557e-02,5.2575795e-02,2.2299550e-02,-2.3395632e-02,9.6851759e-02,-4.9222832e-03,2.4090660e-02,1.4736022e-02,1.1496098e-01,1.6581425e-02,3.9126983e-02
-4.5531426e-02,-1.0845347e-02,-1.7126560e-02,5.0351026e-02,-1.2209123e-01,-1.1630878e-01,2.8626164e-02,2.1076937e-02,-7.8004490e-02,-5.4593222e-02,-5.4379890e-02,-4.8906082e-02,8.1076825e-02,-4.3313187e-02,-1.1160751e-01,3.5770083e-04,1.1697586e-01,-1.0335033e-01,-8.9532286e-03,7.8519227e-03,-9.8095228e-03,1.2102010e-01,-3.5124829e-02,5.9141807e-02,-1.2642601e-01,1.0166333e-01,-6.2686057e-02,-9.9864275e-02,7.9579092e-03,3.7614078e-02,5.2493312e-02,6.7962596e-02,-4.1373874e-02,8.2323154e-02,-7.5698950e-02,-2.1999681e-02,-8.7882381e-03,-8.9700850e-03,3.3486891e-02,-7.8500505e-04,-8.1002978e-02,-9.9422888e-02,5.2925326e-02,7.1778560e-02,-7.8885425e-02,-6.6564162e-02,8.6586823e-02,-2.2698159e-02,-1.0785490e-01,1.4030318e-02,3.8838077e-02,-7.5436618e-02,-3.4754364e-02,-5.8540185e-02,-7.1824586e-02,6.2627927e-02,-7.4495555e-02,-9.4083865e-02,7.1216699e-03,3.6580779e-02
-1.9483198e-02,-9.6339158e-02,-2.9918635e-02,-7.4769709e-02,-1.9741123e-02,-6.9384655e-02,-8.7675984e-02,-1.2551100e-01,3.9142779e-02,4.9387190e-02,1.2237619e-01,9.2018893e-02,2.4754405e-02,8.6301027e-02,8.0039093e-02,6.2908427e-02,1.0104114e-01,2.4184771e-02,1.3736688e-01,-7.5540241e-02,9.7081166e-02,4.9175349e-02,-9.3047121e-02,8.8899910e-02,-6.7390377e-03,1.6139256e-01,1.1110454e-01,-4.1052706e-02,5.4062408e-02,9.7107491e-04,-7.8722641e-02,-3.3319830e-02,-8.5856005e-02,-8.0272061e-02,6.3103463e-02,2.1296817e-02,-1.1886533e-01,-6.6441144e-02,-4.1876628e-02,1.9031438e-03,-6.8478813e-03,7.9450649e-02,-5.4416348e-02,3.5574647e-02,-1.2624008e-01,-9.4092080e-03,-2.4134405e-02,4.2209741e-02,-9.2760204e-02,9.2381798e-02,1.2584394e-01,9.2832363e-02,1.7556160e-02,8.6784685e-02,1.1437038e-01,2.9616300e-02,-1.5214247e-02,-1.1676134e-01,6.8781274e-02,6.0170734e-02
5.0757343e-02,5.1349098e-02,-2.4902118e-02,-5.5317611e-02,-7.4371674e-02,-6.3583659e-03,2.5627269e-02,-6.2101854e-02,-1.1894884e-01,-7.7799913e-02,-2.2826441e-03,-5.9087662e-02,8.6287667e-02,-1.2296362e-01,4.7224372e-02,2.2176197e-02,2.7264687e-03,-8.2980230e-02,-3.9182561e-03,-1.2470503e-01,-1.1958414e-01,1.2026366e-01,5.7857114e-02,-4.6962756e-03,-3.3986991e-02,-5.2858177e-02,5.3237281e-02,-6.2535046e-02,-4.7040182e-02,-3.4227489e-02,-1.9365893e-02,-5.5660250e-02,5.7272399e-02,1.0257620e-01,-8.5701626e-02,-1.4578714e-02,8.4628682e-02,1.1061609e-02,-1.0739593e-01,5.8666973e-02,-5.4727395e-03,-1.5025966e-02,-3.3336040e-02,8.4162390e-02,-2.8932739e-02,-5.9950887e-02,1.4059476e-03,1.2700002e-01,5.4878659e-02,4.0854630e-02,-8.9391365e-02,3.2009693e-02,4.1132462e-02,-9.5559795e-02,6.6780927e-03,1.0965264e-01,-5.4513872e-02,2.4877787e-02,6.3744624e-02,-1.1340206e-01
-5.3099774e-03,-3.2331900e-02,-2.9727085e-02,7.7804911e-02,-4.6027848e-02,-1.1664510e-01,1.0844991e-01,9.0056670e-02,-4.7102548e-04,2.1300459e-02,9.3585139e-02,8.1185977e-03,-2.3121915e-02,6.8304786e-02,-1.2909122e-02,-9.8760817e-02,-6.2551884e-03,1.2501495e-01,2.7485821e-02,-4.4354923e-02,-1.2330932e-01,-1.1276360e-01,-8.6899191e-03,-7.0530918e-02,-9.1074319e-02,-8.0635207e-02,6.8198764e-02,-3.9381176e-02,-1.6491904e-02,-2.9958107e-02,3.6881508e-03,-9.1360860e-02,-9.0421743e-02,6.1822713e-02,-1.4802826e-02,6.0561250e-02,8.2570005e-02,-1.4049107e-02,-9.2219474e-02,4.1911029e-02,-4.4092435e-02,-1.1331375e-01,-4.8484294e-03,1.2287984e-01,3.0710824e-02,-8.3036937e-02,9.7362671e-02,2.5659419e-02,-6.6409236e-02,-1.0505144e-01,4.9050139e-02,2.6016465e-02,1.0784392e-01,5.7091692e-02,-6.6907783e-02,-1.2220340e-01,-8.4513219e-02,-1.3671383e-02,-1.0269900e-01,1.1920641e-01
7.4078720e-02,9.8930848e-02,8.9913866e-03,4.9458513e-02,-1.0364659e-01,-1.3260476e-01,1.2413945e-01,5.3728474e-02,1.6369630e-02,3.8650234e-02,-5.5677130e-02,-1.6203366e-02,-7.9628355e-02,5.4892441e-02,-8.9544920e-02,1.7509863e-02,-8.2671282e-02,-1.1937343e-01,-1.3450690e-01,-2.1659614e-02,-6.4342363e-02,2.1212694e-02,-8.5558987e-02,8.7075403e-02,6.9135318e-02,-4.0627565e-02,-9.0514752e-02,1.3027640e-01,-5.1330165e-02,-4.2340409e-02,6.3728371e-02,-9.3709382e-02,1.1881709e-01,9.3728631e-02,-9.7341803e-02,2.6261071e-02,8.0559530e-02,3.6902705e-02,7.9956451e-02,5.1309587e-02,4.3830950e-02,1.1147214e-01,1.1298340e-01,6.9731065e-02,4.4998659e-02,1.1560318e-01,2.7697513e-02,5.2807078e-02,6.8247098e-02,-4.8492542e-02,1.7765512e-02,-2.2681266e-02,-7.6618345e-02,1.0900946e-01,-7.8385038e-02,5.9667465e-02,-9.6538631e-03,1.2076377e-01,3.2364851e-02,1.1744897e-01
-1.0523088e-01,1.6422634e-02,-9.5072091e-02,1.0036707e-01,4.5502883e-02,2.3280304e-02,1.0433710e-02,6.3708037e-03,1.2841846e-01,4.7304787e-02,5.7320936e-02,6.5293930e-02,-2.4095512e-02,-7.7103318e-02,-1.1065642e-01,1.1790611e-01,-7.1902432e-02,8.1047270e-02,8.7295105e-02,3.7927195e-02,4.9324366e-02,7.4712100e-02,-6.1967733e-03,-1.1850088e-01,2.4903295e-03,-7.9614116e-02,-9.4002741e-02,-4.1965839e-02,4.5448749e-02,1.2838772e-01,-9.3138384e-02,-2.8252077e-02,-1.2089059e-01,-1.4479823e-02,-1.2092394e-01,-3.1387754e-02,6.9826194e-02,-6.2750318e-02,3.9897089e-02,1.0337528e-01,-5.9856149e-02,-4.9317910e-02,1.2983696e-01,-1.1428708e-01,4.2678513e-02,2.0626831e-02,-1.1724800e-01,-1.2061950e-02,1.1730505e-01,-4.9511056e-02,6.8837702e-02,-5.4727355e-02,5.4318042e-02,4.0387730e-02,7.5466461e-02,1.1512111e-01,-2.6108113e-02,8.3682299e-02,5.2708921e-02,-3.7782720e-02
1.0198143e-01,-7.0245894e-02,-3.9897705e-02,4.8764620e-02,4.4789285e-02,6.4259327e-02,-3.6539349e-03,-2.4416665e-02,1.1183770e-01,8.0523272e-02,2.1649652e-02,1.1203398e-01,-4.7296006e-02,-2.4240806e-02,2.8257276e-02,5.4796105e-02,1.1844985e-01,-7.6761128e-02,8.8500218e-03,6.0450122e-02,2.8750594e-03,6.5057595e-02,-2.7526780e-02,-1.0297589e-01,1.0289930e-01,6.0727671e-02,6.9822313e-03,-7.5484194e-02,-1.0012400e-01,5.5352356e-02,1.2188099e-01,1.3598163e-02,-9.6120665e-02,4.6432697e-02,6.0429791e-02,2.6473790e-02,-1.1883206e-01,1.0059512e-01,-1.5861368e-02,-7.8403793e-03,-7.1517406e-02,-8.2172485e-02,-8.1245155e-02,-2.3260498e-02,-9.2501435e-02,1.1547281e-01,3.1462446e-02,7.5285207e-02,-1.2614840e-01,-9.5915431e-02,-5.7953070e-02,9.3876873e-03,4.1288923e-02,1.6630930e-03,4.1922250e-02,9.5367543e-02,1.0413979e-01,1.1628730e-01,1.0170059e-02,-9.9767100e-02
6.9001974e-02,9.6827353e-02,1.0453663e-02,-8.8393012e-02,1.2056534e-02,-1.0540990e-01,-1.0771066e-01,-1.0065927e-01,-1.1194897e-01,-6.5872976e-02,-1.1143255e-01,2.3909238e-03,-7.4813206e-02,1.1453170e-01,6.6118492e-02,2.9023316e-02,5.6619615e-02,4.2732181e-02,1.4835974e-01,6.1594365e-02,6.2165897e-02,-5.0169330e-02,-1.0274063e-01,-3.5070984e-02,-9.6163756e-02,1.3403134e-01,-4.2356442e-02,8.3732143e-02,1.9207962e-02,2.3813161e-02,1.0852548e-01,-1.3032785e-01,-5.7482801e-02,1.1923672e-01,-4.2602696e-02,5.2182494e-03,-1.0441858e-01,8.8483732e-02,2.9683507e-02,4.8390236e-02,-5.3867521e-02,-8.5119426e-02,7.9791445e-02,7.8524956e-02,1.0191750e-01,6.7913476e-02,-1.5257522e-02,-3.1702545e-02,-1.0990377e-01,-5.9646531e-02,-6.4883677e-03,-1.2860163e-01,-1.2366687e-01,-6.2673865e-04,1.4096958e-01,1.8462732e-03,2.4191213e-02,9.0291289e-02,-1.0969324e-01,-1.3950791e-02
-3.2595635e-02,-1.1271849e-01,-3.6545801e-02,3.1952370e-02,1.1637433e-01,1.1497776e-01,-4.6792925e-02,1.0502309e-01,1.1052653e-01,-1.3436808e-03,4.2096674e-02,-7.3492713e-02,1.2553677e-01,2.0449117e-02,-3.8003314e-02,1.0890858e-01,1.1311083e-01,-1.1053445e-02,-1.1673128e-02,4.9643002e-02,-3.4128369e-02,-6.8300304e-03,9.3926767e-02,-3.4965827e-02,-2.2367882e-02,1.2580857e-01,-6.1476624e-02,-9.3374415e-02,-1.2574181e-01,-1.0728972e-01,4.6429013e-03,-3.0870811e-02,1.8943149e-02,-7.9393667e-02,-1.1993832e-01,-4.7426140e-03,-3.2004889e-02,-1.1645500e-01,7.1406741e-03,3.2246496e-03,-1.2708727e-02,-3.9834311e-02,-1.6444348e-03,-1.1041415e-01,-7.0117243e-02,-1.0278706e-01,-1.7317435e-02,-9.2369692e-02,1.1134833e-01,-8.2245175e-02,1.7011256e-02,1.2819932e-01,4.5502758e-02,4.6843005e-02,-1.0782963e-01,-8.8427525e-02,-7.3059405e-02,7.6122690e-02,3.3489074e-02,4.7391879e-02
-6.9098510e-02,3.4233332e-02,-7.1827459e-02,-6.3202586e-02,-4.2416616e-02,-7.0593050e-02,8.7431319e-02,6.9569172e-02,-5.7113288e-02,-2.3390352e-02,-5.3562849e-02,2.4934426e-03,6.4503855e-02,-1.0608393e-01,-8.2963498e-02,4.0830402e-02,1.0571254e-01,-5.2406457e-02,-3.9621939e-02,-1.1167415e-01,6.8423365e-03,-8.0674496e-02,2.9070905e-03,3.9173668e-02,-5.2124462e-02,8.4522641e-02,2.2150721e-03,6.0521957e-02,-3.2630646e-02,-8.6650732e-02,-9.9683827e-02,-5.3123801e-02,-8.4731559e-02,1.1934826e-01,8.5578177e-03,-6.5409415e-03,-2.5348774e-02,1.0349347e-01,1.1085462e-01,-4.6963970e-02,3.6964330e-02,2.9985793e-03,-3.7708020e-02,-1.2641120e-01,1.0085308e-01,-1.2026518e-01,1.0883777e-02,2.7035946e-02,4.6457122e-02,6.1319358e-02,9.3179894e-02,1.2336244e-01,4.6481742e-02,-3.8387195e-02,-5.5327083e-02,3.2561615e-02,-6.7284514e-03,4.5054040e-02,-1.1573475e-01,-5.8949774e-02
-2.3901144e-02,-1.9291287e-02,7.0517424e-02,-1.2218389e-01,-6.0275488e-03,-6.1451726e-02,3.8417306e-02,-1.0491233e-01,-4.6501710e-02,-1.1066663e-01,2.3665592e-02,-5.0335221e-02,-1.1095474e-01,-1.6823828e-02,-7.4220396e-02,2.3462710e-02,3.2997332e-02,4.2761050e-02,7.2955255e-02,3.3853406e-02,-3.3493925e-02,5.1579281e-02,3.3647734e-02,9.4749008e-02,-8.8287359e-02,-1.3615882e-01,4.3622505e-02,-9.5036005e-02,9.4090408e-02,1.2405672e-01,1.1473346e-01,-1.3416801e-02,7.9805959e-02,-7.2224684e-02,5.1155818e-02,-1.5563050e-02,9.6427536e-02,-7.2902175e-02,6.3287830e-02,1.1255239e-02,2.0170392e-02,2.9006241e-02,-1.1930681e-01,9.7451105e-03,-1.1668331e-01,-9.8434592e-02,-6.0653402e-02,1.0347225e-01,3.5200715e-02,8.6219030e-02,9.0079119e-04,4.2901170e-02,1.1203320e-01,8.0828513e-02,-1.2406650e-01,-1.0733866e-02,6.9305960e-02,1.7985143e-02,4.0464260e-02,-3.8091679e-02
-5.7130855e-02,8.5772416e-02,9.4992472e-02,7.1134273e-02,-5.6514444e-02,7.4901916e-02,-2.1115205e-02,1.5799807e-03,8.1641858e-02,-5.9462416e-02,-4.4671008e-02,6.9471791e-03,-1.2398291e-01,-3.2565240e-02,-1.2307671e-01,-1.1419087e-02,2.5103145e-02,-5.3274220e-02,-4.3998954e-02,-8.1582310e-02,-7.0175300e-03,1.3210779e-01,-4.2216582e-02,4.6978545e-02,2.0037339e-02,4.9111957e-02,-7.9419077e-02,-1.0662144e-01,2.0363922e-02,-9.5792424e-02,-8.2173329e-02,-7.2174249e-03,-1.1097371e-01,-9.5589594e-02,4.3993058e-02,1.1572274e-01,7.0402656e-02,5.0575981e-02,1.2415054e-01,7.0098062e-02,9.6123021e-02,1.0133753e-01,-6.1702344e-02,9.9663598e-02,-8.3146800e-02,4.8023752e-02,1.0908911e-03,5.6395469e-02,6.6662924e-02,1.2145688e-01,4.0829606e-02,-6.8103596e-02,-1.3226360e-01,7.8962279e-02,3.7936419e-02,8.1459058e-03,-7.0936451e-02,1.1468932e-01,3.1598413e-02,-1.7552191e-02
9.8994025e-02,4.3416379e-03,4.6033965e-02,-5.0564179e-02,-2.1808937e-02,1.1927703e-01,5.6387576e-02,-3.3274510e-03,3.7208333e-02,5.3030594e-02,1.5031188e-02,2.2355445e-02,-1.0384457e-01,-1.2703206e-01,1.5876738e-02,8.6780141e-02,-5.6572472e-02,1.2150719e-01,1.1382291e-01,-1.3152239e-01,7.1039652e-02,-6.6831705e-03,6.0064775e-02,-8.5351200e-02,-3.5300307e-02,-3.9086500e-02,7.1378793e-02,-5.5804616e-02,-1.3114402e-01,-6.0986600e-02,6.4310308e-02,7.5125880e-02,8.2277809e-02,-7.7982796e-02,-5.1758862e-02,7.9751385e-03,8.4752929e-02,1.2589584e-01,-2.6099914e-02,9.1773427e-02,-8.9154989e-02,5.9109905e-02,-1.3446752e-01,-1.1400224e-01,7.6172108e-03,3.6522048e-02,-9.7455753e-02,2.1082593e-02,9.6606617e-02,1.0680746e-01,-9.1821016e-02,-4.1656676e-02,4.6024972e-02,1.0883113e-01,3.5181548e-02,-1.2197150e-01,-1.3188720e-01,3.5134392e-02,-7.8227719e-02,-8.6275671e-02
7.1900783e-02,7.7446592e-04,5.8400467e-02,5.0928534e-02,-1.2752232e-02,1.1002507e-02,-2.1584654e-02,-5.9107765e-02,6.2953695e-02,-4.9825214e-02,1.2398493e-01,-9.5483349e-02,-4.7154004e-02,-1.2087756e-01,-3.1906014e-02,7.2418415e-02,-1.2787296e-01,4.0646038e-02,-1.0452860e-01,9.2260081e-02,1.3269603e-02,-5.6823735e-03,7.4415098e-02,-5.9903726e-02,-9.9210317e-02,1.0136632e-01,4.7767113e-04,-1.0514861e-01,-1.2565055e-01,1.8943292e-02,-9.0165394e-02,6.4807119e-02,4.3820826e-02,-7.3570609e-02,4.1736205e-02,1.2421391e-01,-1.0168386e-01,1.2347632e-02,-2.1923029e-02,-4.9116715e-02,-1.1888863e-01,8.3588312e-02,6.2203437e-02,-8.0880155e-03,-1.2980690e-01,-7.7434319e-02,-6.7198748e-02,-1.2939390e-01,-8.4744198e-02,1.0895590e-01,4.8294931e-02,-1.4588546e-02,-9.6269147e-02,4.1994343e-04,8.5557237e-02,-7.2455284e-02,-4.3780661e-02,4.9328257e-02,-1.2967347e-01,3.8948353e-02
-7.2264483e-02,-9.1793955e-03,8.5682346e-02,-1.7346099e-02,-3.7050134e-02,-1.0803666e-01,-4.4761091e-02,5.4686310e-03,-8.8886436e-02,9.0258026e-02,-1.0270707e-01,6.5822097e-03,9.2824277e-02,-6.9955422e-02,-6.5756236e-03,5.2935423e-02,-8.3573505e-02,-2.4494826e-02,-4.9334276e-02,-2.8248262e-03,-1.0035239e-01,-1.0978059e-02,-2.6883934e-02,-7.8836783e-02,9.2829324e-02,7.2761613e-02,4.5213326e-02,-7.6878766e-02,1.0778476e-01,1.1440623e-01,6.2670958e-03,-8.6208320e-02,6.5986164e-02,5.7446808e-02,5.6695657e-02,9.1631514e-02,5.4215471e-02,1.0182113e-01,2.0550122e-02,1.0058505e-01,-1.0917880e-02,1.0084076e-01,7.4518377e-02,4.6475879e-03,-1.1295853e-01,-2.6193412e-02,-4.0085914e-02,2.7425858e-02,1.1338902e-01,-4.4233409e-02,8.0560689e-02,-8.5594890e-03,-7.7308226e-02,-1.3561677e-01,-1.8287874e-03,1.0187453e-02,1.9300515e-02,6.3701835e-02,-5.8547012e-02,1.1676527e-01
-7.6628939e-02,-9.1302146e-02,4.3610585e-02,-6.2556469e-02,3.6420650e-03,-8.4193102e-02,-3.7379331e-03,9.4782218e-02,6.4381045e-02,6.4909593e-02,-1.2778480e-01,1.6896036e-02,1.0880298e-01,-3.9074743e-02,3.6241280e-02,6.2838514e-02,4.9934803e-02,1.0661938e-01,-7.5413713e-02,-5.5886251e-02,-1.0674626e-01,-9.2956411e-02,-1.2001805e-01,1.1544094e-01,-7.1739283e-02,-5.2240983e-02,-3.4220704e-02,6.6660808e-02,8.0881207e-02,-1.2859425e-01,-2.7651875e-02,-2.7314927e-02,8.3139102e-02,-1.0602372e-01,1.1626588e-01,1.2903625e-01,1.2273118e-01,3.7153176e-02,9.7808970e-02,-2.2857039e-02,7.1542376e-02,1.1631219e-01,5.6161769e-02,-1.8270264e-02,-6.8366197e-02,1.2248579e-02,-9.0062254e-02,-6.1643698e-02,-5.6263308e-02,4.9674413e-02,8.6054009e-02,7.8887206e-03,-3.9011720e-02,-1.9085167e-02,1.6450454e-01,2.6933124e-02,3.0859452e-03,1.0200547e-01,-2.7441616e-03,-1.0673786e-01
-2.4338550e-02,-1.1859848e-01,3.9038894e-03,5.6899951e-02,-9.0255116e-02,-1.0172030e-01,-6.3254576e-02,6.8800509e-02,7.9787488e-02,-1.0938595e-01,-7.7212418e-02,5.0243558e-02,-1.8416215e-02,5.2095379e-02,-1.2816438e-02,6.8322819e-02,1.5334273e-02,3.4708102e-02,-9.5706338e-02,1.1323207e-01,2.1930123e-02,-1.1205465e-01,1.1409434e-01,4.4367234e-02,-1.1832511e-02,1.0461416e-01,-7.2245633e-02,-4.4871616e-02,-2.2866314e-02,1.1611966e-01,-2.4139268e-03,-9.7123342e-02,-1.1654172e-01,7.6871095e-02,8.2381335e-02,-8.8793177e-02,1.2572779e-01,-8.1409835e-02,-4.2361178e-02,-5.9142952e-02,1.1362663e-02,-8.0403664e-02,1.1988359e-01,2.0507776e-02,-6.7674974e-02,3.5702285e-03,4.1428970e-02,-1.1282057e-01,8.1172806e-02,-3.5368011e-02,-1.0963465e-01,9.0518248e-02,-4.4320521e-02,-6.1182537e-02,1.0735166e-01,1.8448233e-02,-7.2436852e-02,-3.2240653e-02,-2.7057864e-02,-3.7078061e-02
1.1841558e-01,1.1771953e-01,3.1043087e-02,1.0000418e-01,-1.9551711e-02,7.1476279e-02,-5.0485715e-02,-8.1026791e-02,8.5111799e-02,1.2086640e-01,-1.1460725e-01,-8.2303689e-02,1.1821815e-02,3.9131172e-02,-6.3325846e-02,5.0905976e-02,7.3842996e-02,4.3708884e-02,1.8576095e-02,-6.4410370e-02,-1.1895681e-01,-2.8180865e-02,4.1780347e-02,-1.4865554e-02,-8.3187032e-02,-3.7998333e-02,-6.8001388e-04,1.0693334e-01,6.8489437e-02,1.6298763e-02,1.5058698e-01,-1.1721650e-01,-8.6069075e-03,1.3044563e-01,-1.0087067e-01,-9.9971752e-02,1.3158948e-01,-1.0693560e-01,1.2888723e-01,1.3295618e-01,8.7516868e-02,7.8005139e-02,-3.4436372e-02,8.3833756e-02,-3.4110110e-02,6.4283868e-02,-3.3960681e-02,-4.6525959e-02,8.6799666e-02,-7.4258524e-02,3.7476822e-02,-1.0783666e-02,6.4770781e-03,-1.7021237e-02,-5.9223592e-02,-1.1416942e-01,-7.9439004e-02,-1.1659387e-01,6.3341345e-02,1.9406711e-02
-7.0407084e-02,6.6568416e-02,4.2945728e-02,-1.0822309e-01,-5.4399186e-02,-4.0956366e-02,-1.9331698e-02,8.1070535e-03,9.0776754e-02,-5.7974385e-02,1.2941531e-01,1.0629010e-01,-3.4107145e-02,-5.8808532e-02,-9.7611198e-02,-1.9826879e-02,1.0464735e-01,1.7918108e-02,-7.8996718e-02,1.0207932e-01,1.1348689e-02,1.8792925e-02,4.2610190e-04,-1.3854519e-02,-1.2114072e-01,1.8083290e-02,-5.8697377e-02,4.6449316e-02,6.4018029e-02,-1.8248164e-02,-1.8509008e-02,8.6344929e-02,-8.8284397e-02,-9.3724409e-02,-9.9860630e-02,-8.3997321e-02,6.6084399e-02,-2.3607692e-02,-5.2612864e-02,1.1715657e-01,-3.7837563e-02,-2.1288059e-02,9.0354147e-02,7.8615869e-02,1.0953106e-01,4.8700284e-03,-2.1959623e-02,1.1696418e-01,5.9698956e-02,-5.4676435e-02,7.3129109e-02,-7.8773804e-02,6.1214121e-02,-3.9816644e-02,1.2061230e-01,-2.6312582e-02,-4.4452088e-03,-3.7635993e-02,3.1328423e-02,6.1039627e-02

-7.4993611e-02,-7.8764251e-03,-1.2587890e-01,1.1025109e-01,-1.1060390e-01,-4.3445990e-02,-1.1453163e-01,-2.4415323e-02,1.4851444e-01,9.3221329e-02,6.3165000e-02,7.9647372e-02,-1.0627222e-01,4.2232005e-03,-4.6953287e-02,5.7734912e-02,1.8152746e-02,5.5922500e-03,4.3549736e-02,-3.6912344e-02,-4.2152657e-02,-2.1352154e-02,2.8878434e-02,5.7188364e-02,-7.8072677e-03,-5.6598496e-02,7.5998046e-02,-8.7486685e-02,3.6439502e-02,8.6555339e-02,-1.0276957e-01,-8.8982504e-02,1.1134293e-01,-6.3153496e-02,3.7681763e-02,1.6575686e-02,8.5593296e-02,-1.1805130e-01,-5.4294076e-02,-6.8566529e-02,1.0244758e-01,-3.6816213e-02,1.4340382e-02,-2.1646648e-02,-7.0930321e-02,3.5449386e-02,6.8131883e-02,-2.9203848e-02,1.9276937e-02,1.7784442e-02

6.3092450e-02,-8.5688394e-03,-6.9160464e-02,-9.3323421e-02,7.2621092e-02,6.5374547e-02,-2.0013639e-02,-6.0638770e-02,-1.0763296e-01,1.6709600e-01,7.7743248e-02,-1.2347078e-01,-3.5230011e-02,9.8286359e-02,-9.0283293e-02,-2.8437409e-02,7.3890434e-02,4.6064557e-02,8.8732217e-02,-1.8401674e-02,1.8182888e-02,1.2760136e-01,-8.0304250e-02,4.8585157e-02,-1.0282904e-01,3.7682759e-02,1.0173185e-01,-4.3483575e-02,-3.0925655e-03,-1.0612547e-01,9.2363076e-02,-5.0422257e-02,1.4112330e-01,-2.0043403e-02,-9.0302061e-02,-8.1859132e-03,-8.3502536e-02,8.2130598e-02,1.1462734e-01,-3.4740013e-02,-6.8203168e-02,-2.5562004e-02,1.3629388e-01,-2.8667107e-02,3.9917601e-02,4.0089174e-02,-8.3505042e-02,7.1576981e-02,2.4879538e-02,1.2622026e-01
-6.6713269e-02,-1.4305524e-01,6.0848256e-02,-1.3970630e-01,1.7876521e-02,4.7930746e-02,1.0303784e-01,1.2734166e-01,1.3816023e-01,-1.5820503e-01,1.2829563e-02,3.4518089e-02,-7.0586487e-02,-9.2541677e-02,4.9500281e-02,-1.5934136e-01,7.1921537e-02,5.5646552e-02,-1.7742791e-02,-2.6076563e-02,-1.1789598e-01,-7.0538338e-02,-1.7187303e-01,-8.8423334e-02,1.3991655e-01,-8.6937792e-02,-9.9722376e-02,-7.4183183e-02,-4.9949445e-02,2.0142943e-02,1.1062974e-01,7.6059728e-02,-1.2359669e-01,1.9621464e-02,-1.4741369e-02,6.1342540e-02,-1.0834161e-01,-1.1545684e-01,-2.0134429e-02,-1.1262829e-02,1.0941433e-01,-9.4161935e-02,-5.0856208e-02,1.2468164e-01,-7.3733145e-02,8.6289970e-02,-1.2810234e-01,1.1375279e-01,-2.6214658e-02,3.2229621e-02
-1.0834279e-01,-6.8195926e-02,-4.5433443e-02,7.4704250e-02,8.0879009e-02,9.9883847e-02,1.3110462e-04,2.6409931e-02,-1.2627459e-01,-1.0422484e-01,-1.7461330e-02,5.4620450e-02,-8.2370289e-02,-9.6162484e-02,5.9763004e-02,-1.2330616e-01,2.6925163e-02,1.3296682e-01,5.5159413e-02,-2.9728864e-02,-1.2973564e-01,5.0467184e-02,-8.4623169e-02,-9.2978637e-02,-6.3987453e-02,5.8802271e-02,4.9830198e-02,-1.0165079e-01,8.7174575e-02,-9.3041064e-02,-6.3793833e-02,5.1477985e-02,4.2974656e-03,1.1996943e-01,6.0666527e-02,1.2349542e-02,-6.8706735e-02,-1.3129851e-01,-3.8133208e-02,7.2931515e-02,1.1766364e-01,-8.5979598e-02,-1.0293203e-01,-1.2191736e-01,-1.1301845e-01,-1.1516807e-01,-2.1860217e-02,4.2425896e-02,2.6717222e-02,9.3782051e-02

7.3434141e-02,-1.2343561e-01,1.0842516e-01

