2.6597941e-01,-2.3264555e-01,-4.9764762e-02,-2.6121869e-02,5.6754024e-02,1.4942500e-01,1.1217280e-01,1.0451210e-01,9.0334961e-02,3.0736430e-01,1.4385269e-01
-1.5535257e-01,2.7782756e-01,7.4931294e-03,5.1031746e-01,7.8428414e-02,2.9061720e-02,5.0929000e-02,1.8329508e-01,-4.4362339e-02,2.9758063e-01,-1.7211714e-01
-2.6246589e-02,-2.1006882e-03,1.0473574e-01,-6.0774124e-02,9.3724207e-02,-2.4548585e-01,-1.5824586e-01,2.6724046e-01,-2.0747987e-01,-1.4488972e-01,-9.4855361e-02
-8.8399756e-02,2.7301084e-01,2.1983287e-01,-3.5037199e-01,3.1396185e-01,-1.5862916e-01,-2.9077789e-02,-6.0107865e-02,-1.4282106e-01,3.3206756e-01,1.6252629e-01
2.1803992e-01,1.9583039e-01,2.6549699e-02,-1.4747909e-01,-2.5502360e-01,-3.2736068e-02,9.8024900e-02,4.6513637e-02,-4.3209293e-02,-2.6878116e-01,-2.3801913e-01
5.2267987e-02,-1.9142568e-02,-2.5924145e-01,-3.6228725e-01,-5.7569784e-02,-2.6443860e-01,1.7869723e-01,2.8240411e-01,2.3129013e-01,-1.3363542e-01,2.8712435e-03
8.8440187e-02,-1.1200055e-01,-8.4834074e-02,-4.1189955e-02,1.6604539e-01,-6.2366791e-02,-7.7588639e-02,6.1033223e-02,-2.9520950e-01,-6.3336164e-02,5.7245503e-03
9.5657054e-02,-2.5465182e-01,-4.9716089e-02,-2.1462289e-01,6.3073848e-01,-5.2492009e-02,1.2591043e-02,2.6278439e-01,1.9785666e-01,2.1299930e-01,-1.3068777e-01
1.7321120e-01,1.1235299e-01,-2.5420632e-01,-2.0288901e-01,2.5095898e-01,-3.4209784e-01,2.0108123e-02,-3.3849078e-02,-1.8397338e-01,7.2436073e-02,-1.6885804e-01
1.8071177e-01,1.5197455e-01,-1.1913997e-01,-1.0913880e-01,-1.0620353e-01,-3.2726589e-01,1.4096002e-01,1.7962068e-01,-2.9297989e-02,1.4017727e-01,-1.2018009e-01
-2.8765237e-01,-2.5559647e-02,3.4496584e-02,-3.3399043e-02,-2.5174914e-01,1.2221015e-01,1.0769101e-01,-1.9780438e-01,-1.1097955e-01,-2.6272357e-01,-2.1712930e-01
-8.2593826e-02,2.9546676e-01,1.1872948e-01,-4.4175526e-01,-1.4363359e-01,-3.4042798e-02,-2.2312353e-02,-2.5259419e-01,-1.8121505e-01,-5.8905518e-02,1.3160365e-01
-2.7418008e-01,1.7042009e-01,1.4494024e-01,2.8109933e-02,-2.7689909e-01,-1.0634002e-01,2.2616353e-01,-7.0389193e-02,1.3166367e-02,1.7574238e-01,3.0139755e-01
1.5316271e-01,5.1065702e-02,1.9220294e-01,-1.6467115e-01,-1.5299993e-01,-2.2725446e-01,5.0672167e-02,1.3797116e-01,3.2655183e-01,1.8778414e-01,2.9445365e-01
1.5994646e-02,-2.7762261e-01,3.0428685e-01,8.8662102e-02,2.8336394e-01,-4.1422589e-02,-7.5657019e-02,-2.0063552e-01,-6.3511236e-02,2.5253251e-03,-3.2884049e-02
-6.7649997e-02,-9.4151197e-03,2.4417818e-01,-1.2926988e-01,3.1924523e-02,1.6387934e-01,2.2950235e-01,2.4692214e-01,2.6245040e-01,1.6398334e-01,1.1758462e-01
3.9268552e-04,-2.8409681e-01,1.7771264e-01,-6.1702157e-02,-2.6849974e-01,-2.8388267e-02,-1.5202164e-01,2.8697217e-01,-5.0941029e-02,-2.8164358e-01,-2.9313033e-01
2.7541992e-01,6.1676502e-02,-7.2715320e-03,1.0149762e-01,-2.3876589e-01,2.2432253e-01,-2.3205756e-01,-2.7354633e-01,-2.3712446e-01,2.8465515e-01,3.7721949e-03
2.4283320e-01,2.4225050e-01,2.7592550e-01,-3.2556123e-01,4.1561288e-01,1.6419089e-02,-2.8098109e-01,3.8061253e-02,7.4413594e-02,7.8110544e-02,2.0281277e-01
-7.8765942e-02,6.7427391e-02,-2.3084356e-01,1.0854700e-01,4.8305311e-01,-4.4974887e-02,-1.9340049e-02,-5.5921227e-02,-1.6869360e-01,2.7616191e-01,-9.4382965e-02
-2.3225915e-01,-4.0658532e-02,-1.4962129e-01,-3.5348491e-01,1.7831335e-02,1.8547630e-01,9.8379339e-02,2.4350944e-01,-2.5880331e-02,-1.6967474e-01,-2.0737655e-01
2.4226088e-02,2.4130264e-01,2.1267046e-01,2.6877615e-01,-9.8656173e-02,9.9746052e-02,6.9477593e-03,1.4095956e-01,-1.4639499e-02,-1.2246906e-01,-1.3901083e-01
1.9240336e-01,2.3935912e-01,1.4873426e-01,3.4089726e-01,1.8817714e-01,3.2508590e-01,-2.6605611e-01,-1.7978469e-02,2.9128131e-01,1.7670606e-01,2.5391783e-01
-5.1101136e-02,-2.7050428e-01,7.7784811e-02,8.5547132e-02,-1.4118957e-01,-1.8266176e-01,1.5419647e-01,2.6938991e-01,2.0404982e-01,2.0438473e-01,2.8156217e-01
-2.2494088e-01,-2.6970284e-01,-2.2293051e-01,8.0237182e-02,7.0958654e-02,-1.4103404e-01,-2.1522277e-01,8.4068459e-02,2.5069562e-01,-2.5511844e-01,-2.2350347e-01
-2.0602527e-01,2.7881329e-01,-2.1989403e-01,7.7833288e-02,-2.3779648e-01,1.2276540e-01,2.8560430e-01,-9.2492546e-02,1.1115442e-01,1.2979439e-01,7.1433210e-02
-2.1807556e-02,-7.3057909e-02,1.7692939e-01,-3.9639887e-01,6.4822663e-02,3.7090171e-02,1.2661314e-01,1.8559492e-01,1.0053197e-01,-1.6483453e-01,2.9337978e-01
-1.5647714e-01,-2.6815101e-02,1.9076732e-01,2.9485662e-01,3.3901878e-01,3.3442941e-01,1.5968478e-01,-1.9133610e-01,-2.3380808e-01,5.2859769e-02,-2.7730971e-01
2.7057016e-01,-3.0065054e-01,2.7299877e-02,1.4103976e-01,1.7166976e-02,-1.2606407e-01,-1.1992279e-01,1.2863699e-01,1.7965791e-01,-2.8134504e-01,-1.5874403e-01
-2.3817473e-01,-1.7277169e-01,-5.2756845e-02,3.2690278e-01,-2.9094181e-01,-1.8326525e-01,-2.3708474e-01,-1.4759340e-01,-4.6052267e-02,-1.6351805e-01,-2.7004216e-02
2.6477220e-01,6.4656736e-02,-1.3882347e-01,4.8787703e-02,-3.8148920e-01,2.0455707e-01,5.4218413e-02,2.9728874e-01,1.1464914e-03,7.8046966e-03,1.8733749e-01
-8.6665782e-02,1.9412489e-01,1.9390869e-01,5.9728474e-02,-1.1789923e-01,-1.6391779e-01,-1.8798426e-01,-2.7502981e-01,1.9829294e-01,7.4671279e-02,-6.5281970e-03
-8.1537367e-02,2.8273123e-01,-1.1003971e-01,1.4192131e-01,1.9087101e-01,1.8645969e-01,-6.1142849e-02,-1.6400767e-01,2.4695916e-01,-1.2900479e-01,9.3798502e-02
2.6095165e-01,-7.1107321e-02,-2.2866509e-01,-2.9716385e-01,3.2775822e-01,-1.2208939e-01,-1.7310611e-01,-1.3940091e-01,9.8962020e-02,2.5653689e-02,2.8956243e-01
6.7556273e-02,-1.4782653e-01,2.3562543e-01,-9.5863345e-02,3.5133832e-01,2.0164128e-01,-2.6491301e-01,-1.9181059e-01,9.2887538e-02,-2.2550294e-01,8.0890089e-02
1.0991143e-01,4.6326365e-03,1.4479726e-01,2.0299700e-01,1.1701154e-01,1.4829944e-01,-1.1786484e-01,1.1749809e-01,7.2613125e-02,-2.8136930e-01,-2.6150725e-01
-1.3023651e-01,1.9493966e-03,-8.6868192e-02,3.3341171e-01,-1.6644503e-01,2.9803067e-01,-6.7198270e-02,2.5075026e-01,1.0052167e-01,-1.0272850e-01,2.0989043e-01
-1.3778008e-01,-1.0022562e-01,-2.5764801e-01,1.5509790e-02,-1.0708406e-02,1.3359673e-02,-1.7539877e-01,-1.5757404e-01,3.7077569e-03,-1.2249599e-01,1.1984143e-01
2.3088962e-01,2.3979537e-02,2.1982343e-01,-7.6031979e-02,-1.1581940e-01,-3.0067930e-02,6.1681646e-02,-2.8906950e-02,-1.0139900e-01,-2.9003730e-01,2.3497565e-01
2.2504578e-01,-1.8998779e-01,2.6824073e-01,2.1824731e-01,2.6709388e-01,8.1282385e-03,-1.0042164e-01,-2.0825928e-01,2.5882867e-01,-1.6037561e-01,7.0009138e-02
-1.4552642e-01,5.8542644e-02,1.4811239e-01,-2.5394597e-01,4.4041164e-01,-1.3332931e-01,-1.2549795e-01,7.6616906e-02,9.9753551e-02,-2.3028238e-01,3.1235982e-01
1.2065938e-01,1.6071840e-01,-1.3611882e-01,2.2915193e-01,-1.9670453e-01,-2.4568468e-01,-1.0535091e-01,-1.9184411e-01,-8.0260492e-02,8.9455559e-02,-1.2970059e-01
4.7254022e-02,-3.1171991e-01,1.5130925e-01,2.3989734e-01,3.8492600e-02,-8.1247282e-02,-4.5137726e-03,-2.0701451e-01,-1.5716478e-01,-1.3351456e-01,2.8901180e-01
-1.7113167e-01,1.7526559e-01,-1.4674758e-01,-1.0740301e-01,-6.2418923e-02,-2.8279413e-01,-1.3976487e-01,-1.6188595e-02,-1.2622253e-01,-1.8905924e-02,-6.3052343e-02
1.0138000e-01,4.0844376e-02,3.0840801e-01,-4.3480187e-02,-3.2600174e-01,1.3484899e-01,-2.1987519e-01,1.5759259e-01,2.6502474e-01,-6.8688074e-02,-1.7648337e-01
2.4634406e-01,1.0317372e-01,7.0201189e-02,1.9593819e-01,-1.8806398e-01,-3.2587606e-01,-2.2546698e-01,-2.6827902e-01,-1.6821051e-01,-1.8045036e-02,1.4815595e-01
-8.8173489e-03,-2.0496504e-01,1.9994503e-01,1.3119363e-01,6.7798081e-03,-1.6768021e-02,2.8587828e-01,-2.8009973e-01,-1.8617777e-01,3.9577107e-02,-9.1564482e-02
-1.6293564e-01,2.8792277e-01,-2.6389139e-01,-1.7585580e-01,-2.3305098e-01,6.1678098e-02,-1.7611996e-01,4.7268104e-02,1.4989521e-01,1.8300385e-01,-2.4727849e-01
-3.4488135e-02,1.2603042e-01,-2.6372672e-01,-1.5950283e-02,-1.3568410e-01,-1.4021848e-02,-1.9045018e-01,4.1660613e-02,2.4505514e-02,-2.9218325e-01,2.6468962e-01
2.2988938e-01,-1.5116443e-01,1.9278705e-01,6.7250541e-02,3.8500415e-03,-1.3726255e-01,-2.1283768e-01,-2.9778969e-01,-4.7977113e-02,-4.5775557e-02,-2.6013272e-01

2.7713108e-01,-1.4920656e-01,-3.6257028e-02,6.3800739e-02,-2.3620222e-02,2.0714758e-01,2.7288266e-01,1.2193885e-01,3.6611213e-02,2.5350791e-01,1.4633980e-01,-1.0483860e-01,3.2866474e-02,-2.5226795e-01,-2.0604802e-01,-1.3703016e-01,-2.8846073e-01,-2.2688039e-01,1.4622357e-01,-3.7067309e-02,-1.4681469e-02,-1.2382310e-01,2.4538696e-01,-3.8338314e-02,-2.0770651e-01,5.9816672e-03,1.0922922e-01,2.9786254e-02,-2.1236326e-01,2.1433188e-01,-1.2568624e-01,-4.8348266e-02,1.7530920e-01,-3.0316137e-01,-1.3411492e-01,2.7182041e-02,1.1570452e-01,1.9737684e-01,-2.2323245e-01,1.6540503e-01,1.7151642e-01,-2.5726700e-01,-2.3204059e-01,-7.0384113e-02,-8.7796593e-02,1.5459975e-02,1.0044892e-01,1.5324406e-01,-7.7876280e-02,-2.8096892e-01

2.9564391e-02,1.7269730e-02,-7.9470507e-02,-4.8455651e-02,-1.1556605e-01,-1.2373193e-01,-2.8141448e-02,-5.7408546e-02,7.3921849e-02,9.2555297e-02,5.4973961e-02,-9.7012586e-02,3.2249710e-02,-1.2960638e-01,3.3864091e-02,-9.7333114e-02,-7.3149709e-02,-9.5700698e-02,-1.2481825e-01,1.9907420e-02,-2.3675290e-03,-9.9558075e-02,1.0303863e-01,1.2844506e-01,-1.6583117e-02,-1.4135562e-01,6.4927847e-02,1.3984081e-01,-3.3325488e-02,-5.6670841e-02,1.4218666e-03,1.1314092e-01,1.9945386e-02,-1.1091322e-01,1.5558272e-02,4.1374321e-02,9.1078758e-02,-4.3829994e-02,7.6946673e-03,-7.8899109e-02,2.9459700e-02,7.4307592e-02,1.1475249e-01,-6.6673118e-02,6.3936566e-02,6.7334649e-02,-1.2157417e-01,-1.0410728e-01,9.8085555e-02,7.1803939e-02
-1.2719356e-01,3.6377332e-02,-6.4522692e-04,8.4400658e-02,-9.1978717e-02,1.0208133e-01,1.0944130e-01,1.2633903e-01,-9.7667383e-02,4.5870181e-03,2.9381949e-02,-8.6529475e-03,-8.4336037e-02,2.1517180e-02,-1.0758528e-01,6.5344830e-03,-8.0022006e-02,-7.1790321e-02,8.8633565e-02,-4.1577911e-02,-6.0260089e-02,9.6642282e-02,7.7368322e-02,4.3890194e-02,-1.8106948e-02,9.4015355e-02,1.3772184e-01,-8.2813848e-02,-8.1556405e-02,-3.4820505e-02,-1.3246290e-02,5.6089269e-02,-2.7237357e-02,-1.1017066e-01,-5.6330538e-04,2.3033787e-02,-5.3909232e-02,-9.6687998e-02,8.1737358e-02,3.5219463e-02,-7.9713858e-02,2.2702307e-03,5.9239693e-02,7.1118180e-02,1.1106562e-01,6.9934236e-02,-1.1123382e-02,2.9831605e-02,1.0773401e-01,-7.5122185e-02
7.0743249e-02,1.2008517e-01,7.9944001e-02,6.7864445e-02,8.8420761e-02,-2.1176916e-02,-3.0649278e-02,-4.7435516e-02,6.2890864e-02,1.0859721e-01,2.8997921e-02,1.0293096e-01,7.1406433e-02,-1.0130753e-01,7.3311111e-02,7.4745673e-02,-1.1180144e-01,2.4018424e-02,-6.9355375e-03,1.1620966e-01,-9.7623243e-02,1.3186777e-01,4.4816044e-02,1.1310023e-01,4.2200654e-02,9.3012226e-02,-1.2730052e-02,-1.1294208e-01,1.2068755e-01,-1.4310361e-01,-2.7778172e-02,1.3253666e-01,2.5093926e-02,9.1910103e-03,2.5168801e-02,4.7282347e-02,3.4326641e-02,-9.6644733e-02,-5.8723467e-02,5.5914842e-02,-3.1241737e-02,4.9639762e-02,-1.4009026e-01,7.4719685e-02,9.0818790e-02,-1.7364276e-02,7.1413019e-02,-1.1386482e-01,5.4689285e-02,-3.5405518e-02
1.6872539e-02,3.4155737e-02,-1.3293913e-01,-3.9214900e-02,-7.7474203e-03,-1.5846466e-02,-7.2270360e-02,-1.5667145e-01,-2.6256350e-02,-3.1825941e-02,7.2719476e-02,5.4429499e-02,8.0331226e-02,-8.0136933e-02,-8.6227255e-02,1.1526530e-01,5.2220012e-02,2.5387579e-02,2.0809522e-02,-1.5137044e-01,9.1062169e-02,-5.7164010e-02,-7.4288013e-02,1.4237031e-01,9.4025467e-02,5.0312611e-02,5.3620340e-02,-2.5812381e-02,1.5483309e-01,4.5276497e-03,1.3559996e-01,-1.4203031e-01,9.5354194e-02,8.7165520e-02,1.0756045e-01,-3.0894626e-02,4.7419004e-02,9.7583913e-02,9.8768583e-02,-1.1717853e-01,-1.0990008e-02,-1.1590557e-01,8.9600229e-02,3.1348226e-02,4.4205939e-02,3.1134444e-03,-2.1271582e-02,5.1867942e-02,-7.0066625e-02,1.1300194e-01
-7.8428393e-02,6.0957684e-02,-1.5501965e-03,-3.7679567e-02,1.0612500e-01,-3.0360397e-03,1.0633901e-01,3.2736348e-02,4.2317534e-02,-1.2362519e-01,-4.7263269e-02,-3.3010234e-02,1.9463995e-02,7.5477412e-02,-3.6128929e-02,8.4787415e-02,1.2651677e-02,-8.2648199e-02,-9.4819876e-02,-3.0789030e-02,-4.8663042e-03,9.7339138e-02,-1.1192834e-01,-4.2860153e-03,-6.3014620e-02,-5.8242405e-02,-8.7790517e-02,-3.3752975e-02,-1.3452367e-01,1.0480260e-02,5.6405172e-02,-8.9099683e-02,-8.3229423e-03,6.1899126e-02,9.2718475e-02,-8.9741839e-02,-5.4449823e-02,-1.3136916e-01,9.5665375e-03,8.3491032e-02,1.3229382e-01,-4.6286794e-02,1.7438287e-03,5.5624381e-02,3.9323241e-02,1.0146269e-01,3.2000829e-02,-1.4136351e-01,4.6278934e-02,1.0494474e-01
7.0434711e-02,-1.2226676e-01,-4.3922774e-02,3.6237330e-02,1.5187061e-01,-1.1769893e-01,-1.8923951e-02,4.9646525e-02,1.1941664e-02,-2.3186458e-02,-1.0400919e-01,9.1995473e-02,1.5481062e-01,9.7361947e-02,8.8708626e-02,-3.5599605e-02,-1.7148294e-01,-3.2058128e-02,-1.1000935e-01,1.1415122e-01,4.5225387e-02,8.4041341e-02,-1.1072843e-01,1.5061107e-01,5.3931923e-02,6.5173510e-02,2.6724484e-02,-7.7096944e-03,-9.6172793e-02,6.8299208e-02,-7.2605123e-02,-2.4471617e-02,-5.4614399e-02,-8.2517442e-02,4.2588537e-02,-8.8581085e-02,-6.9910279e-03,-2.9996527e-02,1.1710827e-01,-1.3774564e-01,-1.0291944e-01,1.4304899e-02,-1.2811440e-01,1.0059909e-01,9.3188281e-02,1.0524376e-02,4.6435627e-02,-9.3595724e-02,5.3919919e-03,9.3478561e-02
9.9209969e-02,1.9246547e-02,6.6532429e-03,1.1640261e-01,-7.2404720e-02,6.0520826e-03,1.0705342e-01,5.2143653e-02,1.0049065e-02,2.5538550e-02,-5.2156076e-02,1.1299724e-01,-1.3300183e-01,8.5488705e-02,-1.2051171e-01,-9.6213205e-02,4.3515183e-02,-8.5641042e-02,-5.1041072e-02,-2.5246889e-03,1.0834837e-01,-1.4220169e-01,-5.4143899e-02,-9.6670871e-02,6.9701835e-02,-1.9072724e-02,-1.5820877e-02,1.0572553e-01,-8.1822367e-02,-6.5800723e-02,-6.1859506e-02,3.7126431e-02,1.0325439e-01,5.3254285e-02,5.3441167e-02,1.6669461e-02,-1.1462773e-01,-2.2789104e-02,1.2821029e-01,-1.2516437e-01,2.4801634e-02,6.7949763e-02,-9.8155623e-02,5.2219244e-02,-2.4975315e-02,-2.4376411e-02,-1.4681646e-02,-3.5328016e-03,-6.5943488e-02,-9.3887888e-03
-1.1342970e-01,9.2111053e-02,6.7536069e-02,-1.3781781e-01,1.2152303e-01,-3.3602404e-02,6.0483120e-02,-1.1654437e-02,1.2965184e-01,-1.3589744e-01,-1.1412914e-01,6.9604401e-02,4.1985620e-03,5.7573056e-02,-3.8373668e-02,-1.4017467e-01,5.0605517e-03,-8.3130056e-02,7.1528857e-02,-6.1442329e-02,-6.0364711e-02,-2.7844586e-02,5.8090239e-02,-4.3353929e-02,-6.4230642e-02,6.7157046e-02,-1.1866715e-01,1.2005399e-01,-1.0010877e-01,-7.0633685e-02,1.0072281e-01,1.2636771e-01,4.7139425e-02,1.3555040e-01,-1.0109989e-01,-1.4634916e-02,9.6643707e-02,6.4056452e-02,8.8924754e-02,7.1424931e-02,-1.2483504e-01,1.6866453e-02,5.4577706e-04,1.5607753e-01,1.1697968e-02,1.2835813e-01,-6.2702530e-02,9.8691449e-02,4.4088155e-02,3.2032895e-02
-1.2273615e-01,1.0145986e-01,1.0947010e-02,7.2947755e-02,-1.4871769e-01,-1.1742474e-01,-1.2252883e-02,-2.6098090e-02,5.4831074e-02,-5.0032317e-02,4.4082979e-02,3.4494486e-02,-3.6089466e-02,-1.0731232e-01,-5.8291225e-02,-1.8016415e-02,1.0944020e-01,-3.6164053e-02,1.9434865e-02,-1.0767148e-01,-4.6104286e-02,-2.8090243e-02,1.2261889e-02,-6.7524459e-02,2.4648141e-02,-1.1689588e-01,-9.6133683e-02,-2.8635592e-02,6.1132230e-02,2.2815463e-02,7.8566523e-02,-5.7801955e-02,1.1845709e-01,2.5421624e-03,3.4262345e-02,-8.7331646e-02,1.2061388e-01,-1.2127067e-01,9.0194747e-02,-1.0698665e-01,-2.4081386e-02,-1.0177014e-01,-6.6946604e-02,-1.7003434e-02,-5.6401966e-02,5.9972167e-02,-1.3738266e-01,-1.0715101e-01,6.9097141e-02,1.1840911e-01
8.2599432e-02,-9.8603933e-02,1.1290799e-01,-9.9425505e-02,-1.2507040e-02,-8.2242194e-02,-6.9796434e-02,2.0245778e-02,2.3942284e-02,-1.4853126e-01,-1.2036779e-01,-2.3676366e-03,-7.2796272e-02,9.6137075e-02,3.3078694e-02,-1.5651321e-01,-1.7462871e-02,-1.1390332e-01,6.3363201e-02,5.6807000e-02,-9.5679019e-02,-2.8862072e-02,2.7958088e-02,7.0842359e-02,-1.3139245e-01,-7.0104643e-02,-1.3619826e-01,9.6883841e-02,-9.0214049e-03,2.3382289e-02,9.9157629e-02,3.8533557e-02,-7.4869733e-02,1.1391207e-01,6.3456639e-02,-9.1989922e-02,-8.0483971e-02,4.1747314e-02,9.3198718e-02,2.1510918e-02,-9.1888663e-02,-8.4652613e-02,-3.6673705e-02,6.7723217e-02,-1.4679835e-01,-2.3962664e-02,-2.7546828e-02,-9.7844683e-02,1.0634245e-01,1.0769414e-01
1.0287137e-01,-2.8882323e-02,1.1717586e-01,-5.8268604e-02,-6.6417501e-02,-4.4521069e-02,-4.1772808e-03,9.5346106e-02,-5.7746787e-03,1.1464993e-01,9.2018168e-02,-7.1503875e-02,-3.2990851e-02,-4.9664021e-02,-6.6480139e-02,1.1143870e-01,-5.2625068e-02,1.1673989e-01,-1.1284891e-02,9.7253716e-02,-2.7058611e-02,1.7056572e-03,-1.4721744e-01,-1.3665032e-01,-9.8396710e-02,7.4474911e-02,-5.0930284e-02,4.0187789e-02,-6.9885105e-02,-5.1112404e-02,2.9428954e-02,-8.2421587e-02,3.3466376e-02,-1.4479539e-01,2.5817455e-02,-1.2631147e-01,-7.4739802e-02,2.5720490e-02,-1.3872505e-01,3.0508104e-02,5.4749126e-02,-6.6761918e-03,-1.3888734e-01,8.8852935e-02,7.0458077e-02,1.2500492e-02,-1.2809909e-02,1.1720028e-01,1.0239019e-01,1.0643557e-01
-1.2429099e-01,-5.3749530e-02,1.2486085e-01,1.3997882e-01,-1.1730798e-01,6.7212702e-02,-5.8424313e-02,3.3791939e-02,1.0101909e-01,-1.1432721e-01,1.3042291e-01,-5.1736796e-02,2.1721881e-02,1.1739147e-02,-3.8228681e-02,6.0684220e-02,-1.2299830e-01,-7.0467718e-02,-9.8084246e-02,8.1289240e-02,3.9002253e-02,-7.7148523e-02,1.0323601e-01,-3.6919732e-02,1.0701051e-01,-4.3342910e-02,-2.2777490e-02,-5.3540869e-03,-7.2561135e-04,-2.5286064e-02,-5.4455727e-03,9.3515960e-02,1.4218770e-02,1.0310080e-01,-6.9320321e-02,-1.3808005e-01,6.4633981e-02,-1.0851819e-01,6.3968577e-02,-1.0434136e-01,-1.1122891e-01,7.6618289e-02,7.1373283e-02,5.5100087e-02,4.8362151e-02,-1.3407496e-01,-8.1417334e-02,3.2216908e-02,-9.2078411e-02,1.4276514e-02
-7.4148811e-02,-8.3987822e-02,-2.6475553e-02,-8.5976294e-02,-7.0441505e-02,-5.7823798e-02,1.2665323e-01,-1.2419328e-01,1.9166088e-02,9.5862422e-03,1.1775875e-01,1.0546783e-01,-1.0187236e-01,-2.4432154e-02,-3.3760309e-02,-1.0531691e-01,-1.9082858e-02,2.3517905e-02,-3.3694124e-02,3.0897913e-02,-8.4147911e-02,-6.4518923e-02,1.3668853e-01,-1.1466863e-01,6.9786854e-02,3.5304165e-02,4.5953695e-02,2.3166389e-02,9.1230854e-02,-1.1043606e-01,2.5061913e-02,-7.6126856e-02,-7.1390978e-02,-1.3366973e-02,-7.1992557e-02,-7.6762336e-02,-1.3751354e-01,-7.1755932e-03,7.0706314e-02,-1.2544880e-03,1.3521530e-01,1.0552355e-02,7.6129264e-02,1.4024740e-01,1.4131798e-02,-1.2737011e-01,1.1877641e-01,6.5432788e-02,-9.6463527e-02,9.8673925e-02
3.2711675e-03,-8.9266412e-02,-6.8817823e-02,-5.3823883e-02,-2.6423774e-03,-1.0893699e-01,4.0222709e-02,8.2502259e-02,-5.8761202e-02,1.3677816e-01,-8.6034287e-02,1.2428291e-01,-2.4341990e-02,-1.4291705e-01,-9.7027364e-02,-1.4013689e-01,6.1475862e-02,5.8138972e-02,-4.0273183e-02,1.3339354e-01,-8.6538774e-02,2.5722213e-02,-2.6650439e-02,1.2499991e-02,2.6335258e-02,-8.5065768e-02,-5.5322917e-02,-1.0344975e-01,-1.1325146e-01,-4.5690246e-02,-9.5180453e-04,7.8133423e-02,7.1587249e-02,1.0716070e-01,-1.1911726e-01,-8.9548739e-02,5.4039019e-02,4.4342663e-02,-5.5232059e-02,-3.4466153e-03,9.4537784e-02,6.2755680e-02,8.2047588e-02,1.3592858e-01,-1.7727066e-02,4.6890441e-02,8.8392484e-02,6.4851313e-02,-1.1685721e-01,1.0109288e-01
-1.3167847e-01,-4.1272694e-02,-1.0852894e-01,-7.1638412e-02,-5.6903142e-02,-2.8158653e-02,-2.6954304e-02,3.3025166e-02,-1.0329183e-01,-7.0061450e-03,9.6921100e-02,-1.5681977e-02,9.4606041e-03,5.8347173e-02,-1.7537585e-02,-6.6430052e-02,3.7024930e-02,1.0699714e-01,-9.5378383e-02,1.1085061e-01,8.5059099e-02,1.4066608e-01,-1.5678879e-02,-1.0010560e-01,-5.7816174e-02,-1.0030000e-01,2.5302282e-02,9.2163460e-02,-8.7347209e-02,-5.4749919e-03,2.1092692e-02,-1.0751624e-01,-3.3798975e-02,-1.1768139e-01,5.2847976e-02,-2.5030393e-02,-6.0503567e-02,1.0188997e-01,4.2450284e-02,2.9523477e-02,1.8075298e-02,1.3837865e-01,-3.9209547e-02,7.6715275e-03,-7.5820666e-02,-1.3292358e-01,1.1298633e-01,-4.1608509e-02,-8.4938466e-02,2.2221940e-02
2.6045474e-02,-1.3226758e-04,-7.8204443e-02,-4.9640573e-02,4.6731311e-02,1.4347391e-01,-1.0100713e-01,9.2457014e-03,-3.4195786e-02,-6.2959585e-02,9.1990183e-02,-2.7005648e-02,-1.3727024e-01,1.1890629e-01,1.0287583e-01,1.0612994e-01,-4.4220258e-02,2.1114175e-02,-5.8632911e-02,-7.1037423e-02,-1.0061936e-01,-1.0938697e-01,1.0014529e-01,2.8801828e-02,1.4011616e-01,1.7362531e-02,9.9762408e-02,5.4343617e-03,-7.7605566e-02,-1.4784145e-01,-1.4098492e-01,9.4515195e-02,1.3881683e-01,6.0396273e-02,-2.9778025e-02,-4.6689684e-02,-6.1688093e-02,2.3842929e-02,-3.1556514e-03,-1.2154334e-01,3.6825636e-02,-5.2537543e-02,-8.1492681e-03,1.0398500e-01,-1.0499527e-01,3.3332055e-02,-3.1504968e-02,-1.9751003e-02,5.6960960e-02,-7.6029194e-02
1.4744335e-01,2.4192361e-02,7.1077476e-02,-3.0313171e-03,-5.5085818e-02,1.5211769e-01,-5.3388148e-02,3.2261443e-02,1.0908483e-01,-6.8379174e-02,6.6408742e-02,-1.3743893e-02,-3.2299375e-02,1.1618011e-01,1.9411294e-02,1.0346761e-02,-5.0004808e-02,3.9790725e-02,9.5858334e-02,-2.1942469e-02,2.5918136e-02,1.1320795e-01,1.5781856e-01,9.0089151e-02,8.8752662e-02,1.2725523e-01,9.4789649e-02,-7.9738917e-03,3.9892810e-02,5.1039057e-02,-6.8200821e-02,-4.5768392e-02,-7.8178856e-03,2.8275290e-02,1.3663059e-01,-1.1649294e-01,1.6957726e-01,-6.2175181e-02,-2.6483523e-02,1.7099377e-02,-8.6321283e-02,-1.6096743e-02,-4.7660411e-02,6.6828338e-02,-6.2809141e-02,-3.3119400e-02,1.0395745e-01,5.7424263e-02,4.7176764e-02,-6.1797884e-02
1.0354207e-01,6.0332128e-02,-1.3100632e-01,-3.2744646e-02,7.6948669e-02,-8.6648508e-02,-1.2649251e-01,-1.3044473e-01,-6.2606361e-03,-4.4592881e-02,7.3543979e-02,-8.5909709e-02,2.4817272e-02,4.6496420e-02,1.0528999e-02,1.1039849e-01,1.7849325e-01,6.2784990e-02,-6.8542222e-02,5.8466964e-02,-4.7691813e-02,5.9386323e-02,1.9817788e-02,2.4991083e-02,1.1961623e-01,8.1084533e-02,-8.7478552e-03,7.7329096e-02,1.7925420e-01,-2.9953956e-02,-6.4517587e-03,-7.4428026e-02,8.5588028e-02,9.4728340e-02,-1.4079183e-01,4.7943215e-02,-5.8914192e-03,7.2579297e-02,-3.0270580e-02,2.3518997e-02,-3.7938073e-02,-1.0693987e-01,2.6354316e-02,-2.1728099e-02,4.2363458e-02,1.4186953e-01,-5.7798272e-02,-1.1610784e-01,3.8358064e-02,4.9619293e-02
1.3974241e-01,8.4523312e-02,-4.2162004e-02,8.4786268e-02,5.1382516e-02,1.2395519e-01,1.1916482e-01,-9.3341717e-02,-1.3576705e-01,5.3906750e-02,-9.3015204e-02,-1.3784653e-01,1.0417084e-04,4.6874488e-02,-1.9157990e-02,9.0532514e-02,2.3579950e-02,6.9503302e-02,-1.0978415e-01,-5.3577398e-02,-9.9162565e-02,1.3570536e-01,5.4927405e-02,1.5837699e-01,-9.3619919e-02,6.6059426e-02,-2.6496860e-02,-1.6999350e-01,-2.8824812e-02,-1.1192665e-01,-5.4911437e-02,6.9449210e-02,-1.0914651e-01,-1.1658605e-02,-2.7645760e-02,-7.3877410e-02,9.1142678e-02,8.8032081e-02,-5.2829939e-02,8.8677553e-02,-6.1429508e-02,1.1048025e-01,-1.0334658e-02,2.1652286e-02,-4.3822206e-02,-4.4275224e-02,-1.1415414e-01,-9.3901810e-02,-2.4765059e-03,-8.8284950e-02
1.3824467e-01,4.4371069e-02,2.4283834e-02,-8.1421638e-02,-7.0513427e-02,-1.3679782e-01,-5.1102472e-03,-3.2769194e-03,-7.7307294e-02,-1.4030535e-01,7.8096354e-02,1.2121653e-01,1.1605141e-01,8.2482702e-02,1.2162631e-01,2.4859858e-02,1.2564502e-02,-2.9635227e-02,-2.9087707e-02,5.4149766e-02,3.1414189e-02,-2.6073311e-02,-1.2842294e-01,6.6740606e-02,-1.6281752e-01,-1.4126739e-01,6.1958843e-02,-1.5701967e-01,-2.4083155e-02,-1.0464234e-01,-1.7833395e-01,-5.9614380e-02,7.8852252e-02,-1.9364965e-02,-8.8206294e-02,-8.8881058e-02,-6.0636757e-02,5.9073129e-02,5.4332094e-02,2.8110747e-03,-6.2515490e-02,4.5143764e-02,2.0610241e-02,9.4466546e-03,-2.8091605e-02,1.0162371e-01,3.8967380e-02,5.4421917e-02,4.0410272e-02,3.2080979e-02
2.6893672e-02,-6.9294697e-02,-1.8910112e-02,-4.3049975e-02,3.4679054e-02,-2.5376093e-02,-1.0085184e-02,3.1393778e-02,8.3973089e-02,-9.1157031e-02,1.1282835e-01,8.4631730e-03,-8.7644211e-02,1.2888916e-01,9.7230225e-02,-5.2192444e-02,-8.5876706e-02,-1.4100681e-01,-1.2477898e-02,8.9704125e-02,5.1614993e-02,7.1955160e-02,2.2498963e-03,-2.3471837e-02,-1.2114412e-01,-1.1128582e-01,2.8152566e-02,1.1036489e-01,-1.1454090e-01,-1.0080094e-01,-1.4929347e-02,1.3398523e-01,-1.2380280e-01,-4.6531353e-02,-1.1136575e-01,4.5619175e-02,1.3308965e-01,-8.0618657e-02,-8.0610790e-02,-1.3902816e-01,-2.2962148e-02,5.6149480e-02,9.2154325e-02,1.0138291e-01,-4.3010143e-03,-7.3005021e-02,-7.8417512e-02,-1.3923425e-01,7.5494787e-02,4.4428505e-03
3.0512554e-02,-1.2642529e-01,-8.1051898e-02,-8.6485672e-02,-3.3401704e-02,4.0816054e-02,-3.1172147e-02,7.5987647e-02,-8.9598597e-02,-6.0050646e-02,-8.0948447e-02,1.1927821e-01,1.1666274e-01,9.5242338e-02,-3.3413267e-02,9.3922663e-02,-1.1174328e-01,-1.3400324e-01,-4.0560851e-02,1.2031931e-02,9.1254984e-03,-3.9663635e-03,1.1900648e-02,9.5998303e-02,-9.5159291e-02,8.3019095e-02,-5.2496319e-02,7.6553564e-02,-5.6649492e-02,4.2000948e-02,-1.1941911e-03,1.2576207e-02,3.9094200e-02,9.6338420e-02,3.8534823e-02,-2.9776794e-02,1.2571932e-01,-1.2650221e-01,-1.2179377e-02,-5.1852824e-03,-1.1921722e-01,5.1251530e-02,4.9650877e-02,-5.1903689e-02,9.1775189e-02,-2.7520123e-03,5.0135242e-02,1.9683283e-02,-1.2834397e-01,-1.3422623e-01
-4.7957496e-02,-2.7417078e-02,-3.2765165e-02,1.0051682e-01,8.5564811e-02,-4.4994337e-02,9.4266831e-02,2.3419932e-02,-8.1283082e-02,9.3349884e-02,1.3761944e-02,-4.9763750e-02,1.5020992e-01,-4.9218550e-02,8.9980996e-02,-3.8654752e-02,-9.0372895e-02,9.3748270e-02,1.2352930e-02,-7.1090144e-02,-6.2136758e-02,-1.3173872e-01,3.2379851e-02,9.2687372e-02,-8.8657294e-02,1.1142625e-01,-6.0184763e-02,-5.4852449e-02,-9.3896503e-02,6.6012009e-02,3.1542744e-02,-1.5341179e-01,5.0499107e-02,9.2195325e-03,7.1942577e-02,5.9896766e-02,-6.9836118e-03,-1.1441049e-01,-5.6377827e-02,4.0668883e-03,1.1943607e-01,-4.0333225e-03,6.4041648e-02,5.3735174e-02,-2.4213340e-02,8.8416164e-02,5.7242511e-02,4.3863209e-02,-4.2094488e-02,-1.4437672e-01
9.5929154e-02,5.5873414e-02,-5.7101961e-02,7.8132738e-02,-1.7224466e-01,-9.1584451e-02,4.7518131e-02,-1.1342172e-01,9.0162677e-02,1.1479022e-01,6.3253315e-02,-9.2790884e-02,4.4666709e-02,1.5893400e-01,-9.1375844e-02,7.6278035e-02,7.1300342e-03,6.5689304e-02,-1.1303606e-01,-8.5054279e-02,-1.6836973e-01,1.1575160e-01,-3.5956613e-02,-6.7650018e-02,-6.8882977e-05,9.5959839e-02,-8.6645733e-02,1.6620903e-02,-1.2160524e-01,-1.0064870e-02,-2.5373553e-02,7.8471973e-02,3.4142670e-02,-9.6486533e-02,5.4490199e-02,-9.5317502e-02,-2.6495517e-02,-1.1034993e-01,1.2302935e-01,-4.6507297e-02,-5.8795025e-02,-1.4659013e-02,-2.4827565e-02,5.8956705e-02,4.1696450e-02,8.4621484e-02,-1.5892620e-01,4.4158795e-02,2.3591047e-02,-1.0054322e-01
-5.5533869e-02,-1.1970759e-01,-4.4364404e-02,1.2250399e-03,-3.7022445e-02,-8.4390638e-02,1.2122889e-01,8.5026680e-02,-1.4095421e-01,-1.3588141e-02,-1.2876873e-01,5.8997604e-03,4.1182596e-02,1.7730831e-02,1.2346282e-02,-1.1746157e-01,2.2499748e-02,-1.1450719e-01,-1.1839807e-01,-1.5028746e-02,2.8754693e-02,-5.6383920e-02,1.0820168e-01,-1.3303292e-01,-5.4344543e-02,-1.3094010e-01,1.0091903e-01,8.6629083e-02,-9.7724138e-04,6.6806813e-02,-7.4904689e-02,-4.6295747e-03,-2.1400668e-02,1.2823683e-01,4.0025508e-02,1.0104120e-01,5.4874541e-02,-2.4757810e-02,-7.0584613e-02,5.3086817e-02,3.0297166e-02,-6.3101179e-02,7.5140951e-02,-2.6221587e-02,1.4491711e-01,-8.0694759e-02,9.5479835e-02,5.3774291e-02,8.6804462e-02,-1.4434835e-01
2.6983547e-02,-7.6296104e-02,1.0647146e-01,-7.0365027e-02,-1.1789554e-01,1.5595188e-01,1.5127018e-02,-5.5274001e-03,-2.3343864e-02,-2.1561402e-02,-9.4993164e-02,-1.6158082e-03,-1.6668047e-02,9.3435920e-02,7.4752454e-02,-4.5875785e-02,2.0201676e-02,-1.1904523e-01,1.2072891e-01,1.2774025e-01,-6.9184106e-02,1.4243602e-02,-3.3986589e-02,2.8084825e-02,-8.2781466e-02,1.1026620e-01,6.9707075e-02,-1.2521590e-01,-3.7182837e-02,1.1437574e-02,-7.8609180e-02,-1.1702122e-01,5.2833089e-02,-3.8045849e-02,-9.2626418e-02,7.2414751e-02,1.1544207e-01,2.2024894e-02,1.3259283e-02,1.0902873e-01,1.6335986e-01,2.8260643e-02,1.0457394e-01,-1.5524626e-01,9.3424233e-02,3.4769251e-02,-2.3612634e-02,-6.8554493e-02,-7.7552536e-02,-8.5248507e-02
7.6921574e-03,-5.2864073e-02,-3.7134944e-02,6.6560824e-02,-1.6459958e-01,-9.4794973e-02,-7.2866676e-02,1.0248092e-01,-4.9087276e-02,2.0207644e-02,1.0276382e-01,-1.0216436e-01,-3.6939976e-03,1.8535522e-01,-9.7464938e-02,5.0692008e-02,-5.5880516e-02,-3.7351026e-02,-2.7007196e-02,1.5881360e-02,-6.4959290e-03,-4.7538108e-02,7.0459119e-02,1.4842283e-02,-4.5686527e-02,1.6946824e-02,8.2245951e-02,1.0581844e-01,-8.0749312e-03,-5.2057684e-02,1.0482861e-01,1.0129021e-01,1.0619647e-01,-2.0667002e-02,1.2027199e-01,-9.7605769e-03,9.7500827e-02,1.1181608e-01,-1.3811130e-01,5.4190755e-02,-9.1105438e-02,-1.6525251e-02,-6.2044206e-02,1.8993569e-02,-4.6529902e-02,9.8928973e-02,1.2227842e-01,-1.3401729e-01,6.7038909e-02,6.2325566e-02
1.0097027e-01,-7.4180536e-02,-1.2415476e-01,-5.9338330e-03,6.7520175e-04,7.0539442e-02,1.2943275e-01,-1.2108076e-01,-4.8491446e-02,9.0156669e-02,9.0642963e-02,9.1309678e-02,7.4969049e-03,-6.6547923e-03,4.4408416e-02,1.4670873e-02,1.1989619e-01,1.5789145e-01,-5.8220177e-02,1.3569776e-01,1.1047527e-01,-5.3749686e-02,5.2260502e-02,1.3140337e-01,8.6160679e-02,1.4230805e-01,-1.0199234e-01,6.8405535e-04,-1.0191458e-01,1.5840356e-01,1.3587809e-02,-2.6779215e-02,1.3199635e-02,3.5860263e-02,-3.1258930e-02,1.4658192e-02,-7.0990924e-02,-5.5831208e-02,4.6077514e-02,4.2467648e-03,1.9942398e-02,1.5864201e-02,-1.0818855e-01,-1.1369619e-01,-8.4219407e-03,-1.1565872e-01,1.2623881e-02,-1.3363955e-01,-1.3991791e-01,-5.1519027e-02
-4.0343794e-02,1.1611133e-01,4.1955286e-04,-3.5154367e-02,-1.6542598e-01,-6.2408683e-02,4.2747017e-02,-1.1138520e-01,-1.1459326e-02,6.2938054e-02,-6.6138537e-02,8.0037230e-03,-3.0336671e-02,5.4120876e-02,-9.5773465e-02,-4.5416471e-02,-1.1957130e-02,-6.1554142e-02,6.1840315e-02,-3.4876897e-02,-1.2188508e-01,-2.0557635e-02,2.8180668e-02,4.0158202e-03,-6.0004492e-02,-1.6419986e-02,1.1753539e-01,-8.3858493e-02,2.9612576e-02,-1.0503233e-01,-1.2294144e-01,-1.2509657e-01,6.1792872e-02,-2.7048789e-02,1.2874629e-01,-2.6402296e-02,-1.1404008e-01,-8.9525256e-02,4.0662319e-03,-6.9447540e-02,5.8965732e-02,-6.6566223e-02,1.0013608e-01,-1.6319033e-01,9.7523094e-02,9.1435016e-02,5.5001546e-02,1.2325255e-01,1.3672576e-01,7.5491820e-02
-6.4395649e-03,-1.1982739e-01,1.2517019e-01,1.8590738e-02,1.0487851e-01,-1.5159964e-01,1.0029542e-01,1.2463191e-01,-7.9667141e-02,-3.5508632e-02,-1.2866873e-01,1.1607662e-01,7.1129194e-02,-1.2591365e-01,-1.2717437e-01,9.2955771e-02,-1.0141398e-02,9.8296446e-02,8.4209564e-02,9.2509717e-04,2.7227756e-02,6.1525276e-02,2.8275265e-02,-1.0521420e-01,-2.0332384e-02,8.1437685e-02,-1.3095305e-01,1.0378555e-01,-7.9556950e-02,-7.1256253e-02,6.0894498e-02,-1.2866919e-01,5.3253241e-03,3.4626995e-02,-7.3149870e-02,1.3086855e-01,3.9453375e-02,-8.2556940e-02,-2.3912318e-02,-6.8771593e-02,-6.3882567e-02,-1.2445252e-01,-8.2947075e-02,1.4232829e-01,-1.2444579e-01,7.7954788e-02,-8.1128536e-02,1.1499576e-01,-8.4578504e-02,-4.8187406e-02
3.6247520e-02,2.8903565e-03,1.4050782e-01,-6.7496179e-02,-1.0826539e-01,1.1143501e-01,-3.6051680e-02,-1.4168337e-01,7.6234560e-02,-1.3825740e-01,1.4552222e-01,-1.1352279e-01,5.2644223e-02,-4.2680940e-02,5.9453636e-02,-2.8147545e-02,-5.3174784e-03,-9.2036974e-02,-9.0066960e-02,1.1842162e-01,6.3090103e-03,-2.7767586e-02,6.2396325e-02,1.4835981e-01,8.6705498e-02,-1.2984550e-01,1.0072789e-01,8.3648721e-02,-6.8823100e-02,3.8233732e-03,4.8338198e-02,-1.3131114e-01,-4.0995332e-02,1.9191895e-02,1.0076146e-01,-4.7069541e-02,1.6003567e-01,-4.9859145e-02,1.0673261e-02,6.2237934e-02,-7.2624321e-03,-3.7124132e-03,-1.0831001e-02,-8.2917644e-03,7.0657048e-02,-1.2974225e-01,-1.0644891e-01,4.3052393e-02,1.2382369e-02,4.1144940e-02
3.0520674e-02,-1.3670498e-01,1.2986276e-01,-6.7799281e-02,7.6952324e-02,9.8214589e-02,3.9048834e-02,1.5849089e-03,4.0334068e-02,-1.0739115e-01,-1.3139711e-01,1.6364977e-02,7.5367932e-02,-8.9331533e-03,1.2917497e-01,-3.7927777e-02,-1.2258567e-01,-8.3922743e-02,-2.0286580e-02,2.3720800e-02,-2.0611924e-03,3.4701089e-02,-9.2305231e-02,-7.9580389e-02,-1.1215353e-02,1.1507574e-01,-1.3867463e-01,9.3494727e-03,1.2393131e-01,-1.2042141e-01,-8.9768915e-02,-3.0243641e-02,7.9108950e-02,1.1485039e-01,-1.8992325e-02,-7.1605848e-02,4.8894079e-02,-1.4542830e-02,7.9574142e-02,1.9621701e-02,-1.5300811e-01,6.2120078e-02,-4.4032758e-02,-4.6509642e-02,-1.3168701e-01,3.0641247e-04,7.5444194e-02,1.0065942e-01,-7.0917773e-02,-1.2831426e-01
4.6651878e-02,-4.3595639e-02,-3.3813326e-02,7.6109279e-02,4.5254494e-03,-4.1353888e-02,7.7501782e-02,1.2396254e-01,2.5463444e-03,1.0007090e-01,8.6272925e-03,-3.9037314e-02,6.2554528e-02,-1.1553397e-01,6.6020053e-02,-4.5863956e-02,1.4485228e-01,7.6729972e-02,5.3348307e-02,-5.4925327e-02,3.8846334e-02,4.0182090e-03,4.0210307e-03,-5.5602890e-02,-1.3792576e-04,4.2304885e-02,-3.5568189e-02,-2.0447465e-02,-4.9123835e-02,-9.6516312e-03,-3.9361346e-02,-1.0365779e-01,-4.2715827e-02,7.8246662e-02,2.4598558e-02,7.2601578e-02,-8.8355619e-02,-8.8872965e-02,7.4833825e-02,-1.3809090e-01,1.0674041e-01,-1.0635088e-01,-1.3020888e-01,-9.3047042e-02,8.9239149e-02,3.8517679e-02,5.5995908e-02,-1.0707115e-01,8.6802352e-02,-1.9941309e-02
-1.0194597e-01,-8.0434546e-02,-4.5656888e-03,1.4322167e-01,-1.8802725e-01,-1.0503292e-01,8.2500217e-02,1.0281307e-01,-9.6210305e-02,-7.3607900e-02,1.4039190e-01,9.9059359e-02,-1.1683594e-01,-5.8256122e-02,-1.1945326e-01,-2.3520655e-02,9.1470958e-02,-7.5944342e-02,9.5095091e-02,-8.6050399e-02,8.2218160e-02,3.2807650e-03,-4.5082847e-02,1.1823297e-01,1.7000304e-02,2.3734491e-02,-1.1822320e-01,-9.4649528e-02,-3.9501158e-03,4.0481773e-02,-1.2573798e-02,-6.4699366e-02,4.5835408e-02,-8.5345388e-02,5.9697503e-02,2.1119185e-02,9.8279373e-02,1.2640807e-01,2.3072685e-04,6.0948618e-02,-9.0808988e-02,1.9914507e-02,5.8453571e-02,-5.3962105e-02,1.0503060e-01,1.8185495e-02,6.5400432e-02,1.4563816e-01,1.6993841e-01,-7.7572099e-02
5.0888795e-02,-4.4473232e-02,2.7462451e-02,1.4777393e-01,5.0813533e-03,-7.7352741e-02,4.4889023e-02,-5.5994490e-02,-1.1136691e-01,1.1213749e-01,-1.5202438e-01,-1.3299351e-01,7.3916472e-02,-8.2375994e-02,8.8909030e-02,1.1800205e-01,6.6569538e-02,1.1312442e-02,-1.2726628e-02,-9.2729250e-02,1.3108746e-01,-5.1016655e-02,-1.0517093e-01,9.4785307e-02,-1.1812034e-01,-9.5073863e-02,3.2219737e-02,-1.2078540e-01,-1.0989218e-01,-3.3932820e-02,-6.1513803e-02,5.8383884e-02,-4.2506525e-02,9.5456224e-02,9.5970509e-02,2.4039228e-02,-1.2994090e-01,1.0398510e-01,-1.4232781e-01,6.3901185e-02,7.1223593e-02,1.4043990e-01,2.1105727e-02,-1.0008614e-02,-1.0522815e-02,-1.5660937e-01,1.0259195e-01,-1.1191272e-02,1.1231138e-01,9.0533041e-02
1.2079123e-01,1.3316065e-01,5.8442810e-03,5.0892004e-02,-3.7146706e-03,-5.4917440e-02,6.9020850e-02,1.6375214e-01,4.9959433e-02,6.6225302e-02,-8.4282588e-02,-2.6890317e-02,7.5487890e-02,-3.8671660e-02,-5.6138060e-02,8.0075067e-02,-1.0525170e-01,1.2981164e-01,-8.9571310e-02,1.4198651e-01,-2.4330716e-02,-1.0459496e-01,-9.6610864e-03,-3.8771605e-03,-2.4951382e-02,1.1074422e-01,-2.3927603e-02,7.3926822e-02,-1.4817584e-01,-8.5388385e-02,1.2631955e-01,7.9586069e-02,-1.2318132e-01,9.6894984e-02,1.2804191e-01,-7.3844443e-02,-9.6596541e-02,-9.9865371e-02,-8.1902655e-02,-1.3859279e-01,9.6485159e-02,9.2589736e-03,5.9461289e-02,-5.5749632e-02,7.6310307e-03,-1.3911831e-01,-1.9122097e-02,7.2896833e-02,1.2669091e-01,-1.0518119e-01
7.3855587e-02,7.4091679e-02,3.7599438e-02,-3.7278524e-02,-1.4765057e-01,3.5952360e-02,4.5257451e-03,-3.3380564e-02,-1.1301250e-01,7.0666008e-02,6.1769866e-03,-2.1755952e-02,3.1450295e-02,-9.3544249e-02,-9.9264193e-02,-3.1708718e-02,1.0082625e-01,1.8423581e-02,-1.6347194e-02,-1.0890798e-02,4.4363315e-02,3.5593661e-02,-6.3713901e-02,-1.0603114e-01,-9.3917221e-02,-7.2976733e-02,-7.8943047e-02,2.4689269e-02,2.6162372e-02,1.0718728e-01,-5.3996640e-02,9.3847353e-02,-1.4748404e-01,1.2630413e-01,7.0620382e-02,-7.7722027e-02,9.8037744e-02,1.3189355e-01,-3.8099924e-02,6.9661633e-02,5.0315331e-02,3.3533896e-02,-1.7561930e-01,-8.1277699e-02,-8.6893574e-02,1.0611177e-01,-5.6996397e-02,-6.1037886e-02,-2.4455793e-02,9.1705283e-02
-1.1987235e-01,-1.0511374e-01,-3.1158601e-02,1.4735046e-01,6.9115437e-02,8.7229654e-02,9.9806780e-02,-6.5603205e-02,1.7555464e-01,-9.4117442e-02,2.5996208e-02,1.2921889e-01,1.7806607e-02,9.7293203e-02,-2.9234601e-02,8.3301224e-02,-1.4244424e-01,-9.7239874e-02,1.7046769e-03,1.0931828e-01,-5.8471773e-02,-6.7877844e-02,-1.0210236e-01,-9.9595569e-02,6.8293314e-03,4.5958697e-02,1.3980047e-01,-1.5114953e-02,-1.0989342e-02,7.9173941e-02,5.5722679e-02,2.5932330e-02,-1.0569421e-01,-4.8445365e-02,-1.0734561e-01,-9.6868189e-02,-4.2667972e-02,-5.3460120e-02,-1.0562736e-01,-1.6687598e-01,1.4632057e-01,-9.6657528e-02,-9.2504174e-02,1.4780030e-01,7.3522853e-02,-7.6007424e-03,8.6083376e-02,-5.6611136e-02,-3.7509453e-02,9.8012759e-02
2.7330646e-02,7.5667163e-02,-1.3271241e-01,-9.3203165e-02,1.0648897e-01,9.0907134e-02,-4.6095955e-02,1.0926729e-01,-2.7984093e-02,-1.2319315e-01,1.1519825e-01,-7.9269299e-02,3.4712363e-02,1.1262331e-01,8.9601420e-02,6.6249666e-02,4.9254161e-02,2.7224500e-02,-1.0599737e-02,9.3753640e-02,-1.3378148e-01,7.1861584e-02,9.4761617e-02,-8.5632523e-02,-7.2493136e-02,7.3230068e-02,1.0047907e-01,-6.2009327e-02,-1.1525134e-01,-1.2588426e-01,1.3301847e-01,-9.9587327e-02,4.4229774e-02,-6.7891704e-02,-1.6086234e-02,1.3594302e-01,-5.1794935e-02,1.2492754e-01,-1.0370937e-01,-3.4773919e-02,-2.4105026e-03,1.0226072e-01,-4.8096849e-02,-2.0808167e-02,5.5582881e-02,-7.3312873e-03,2.8589529e-02,1.1200189e-02,2.7048609e-04,7.4943382e-02
-2.8434879e-02,-5.9221618e-03,-6.3541049e-03,1.2801881e-01,-1.2310850e-01,1.9347456e-02,-1.5239649e-01,-3.9573230e-02,6.3184758e-02,6.5764261e-02,-7.5681052e-02,2.9992725e-02,-4.9726849e-02,4.6782568e-02,3.5020171e-02,7.1968220e-03,-9.4476175e-02,-1.6058025e-02,7.2196431e-02,9.3520668e-02,-1.1146615e-01,5.1586720e-02,2.9531133e-03,1.1766685e-01,-6.9895843e-02,-5.1761956e-02,9.9699494e-02,-8.5773859e-02,-1.0221566e-01,6.9126440e-02,1.6005455e-01,5.0780448e-02,-9.9872416e-02,-8.0896828e-02,-4.2027270e-02,-1.0118400e-01,1.6805829e-01,7.8400452e-02,-9.5870730e-02,-1.3193640e-01,1.4199098e-01,1.0294954e-01,-6.2096393e-02,-6.3853072e-02,9.4509631e-02,-6.4540810e-02,6.2888879e-02,-8.4261689e-02,-8.1872274e-02,1.0433950e-01
-1.3656975e-01,-5.0458866e-02,-7.0653017e-03,-1.1535561e-01,-3.7661034e-02,-8.4263477e-02,-1.5092807e-02,1.2270269e-01,1.0960619e-01,5.6488938e-02,1.2985607e-01,-1.6366010e-02,-5.4996761e-02,-1.1973456e-01,-1.0495523e-01,-6.5914713e-02,-8.2352098e-02,-7.2906098e-02,-8.2813068e-02,9.5009685e-02,-4.4123181e-03,-4.1074054e-02,-1.1932678e-01,1.3123322e-01,-8.4096304e-02,5.2648884e-02,8.2251468e-02,-1.2646536e-01,-1.2436667e-01,-8.3046232e-02,-7.4023640e-02,8.2848218e-02,-3.2855700e-02,-1.2492387e-01,6.6281063e-02,-1.1265619e-01,-6.7855353e-02,4.4283665e-02,4.9038404e-02,-1.4129362e-01,1.3411804e-01,-8.0017817e-02,4.6435788e-02,-1.2430564e-02,9.8125287e-02,1.2610699e-01,-1.4005547e-01,-6.3141932e-02,-1.2235046e-01,2.5561987e-02
-2.6643767e-02,2.5257495e-03,-3.2365531e-02,-5.9087378e-02,-1.0840549e-01,2.5098539e-02,3.9790353e-02,-1.4106968e-01,1.0679105e-01,-4.4990812e-02,-3.6677273e-02,-3.4141231e-02,1.2017604e-01,-4.9384342e-02,-1.2414064e-01,-1.0719725e-01,1.0332836e-02,8.2156676e-02,-1.0644657e-01,6.5257339e-02,-5.9593589e-02,1.1959104e-01,-2.2753155e-02,-8.1945916e-02,9.3882755e-03,4.0055092e-02,-5.5203404e-02,-6.8463030e-02,1.3534711e-01,-1.0069860e-01,-1.1708133e-01,-3.4670864e-02,-8.5737588e-04,-1.5143742e-02,3.6064407e-02,-6.6854498e-02,-8.8629665e-02,4.3283664e-02,7.3270819e-02,5.7647891e-02,-1.6996690e-02,-7.7714089e-02,3.1885904e-02,-1.3018363e-01,-1.1783874e-01,3.0676955e-02,8.9520069e-02,-4.2453295e-02,-6.1557189e-02,1.3821046e-01
1.3208241e-01,-3.6633216e-02,-1.2578436e-01,2.6105423e-02,-3.2266142e-02,3.9041482e-02,-1.6430168e-02,-9.3141248e-02,8.6646886e-02,4.8926650e-02,1.0676924e-01,6.4034578e-02,1.0878935e-01,1.2305712e-01,9.7153996e-04,-6.9254614e-02,-5.2782130e-02,2.6827131e-02,-3.5597939e-02,6.9622170e-02,-1.1941744e-01,7.0016542e-02,8.1438417e-02,1.1618490e-01,-8.1847976e-02,1.1312032e-01,-6.5742740e-02,-8.4522252e-02,-1.1291072e-01,-7.7194257e-02,1.2236655e-01,1.9042536e-02,-6.3013004e-02,-8.1845227e-02,3.2462128e-02,-7.1082360e-02,-2.4224037e-02,-1.3832937e-01,-2.1274492e-02,-8.1658361e-03,1.0833470e-01,-3.2009906e-04,-2.5157636e-02,-6.9571767e-03,1.1888456e-01,4.6173502e-02,-6.4301938e-02,1.3190104e-01,1.1035580e-01,1.2077968e-01
1.1828307e-01,-2.8171407e-02,-3.7244965e-02,-6.8503685e-02,-2.8386712e-02,-2.2123625e-02,-9.2100620e-02,1.2944030e-01,1.8659676e-02,6.5069543e-02,3.2982306e-02,-1.0538289e-01,-3.5529573e-02,-2.8262352e-02,2.5014592e-02,1.4593084e-01,-8.5333394e-02,-6.0244721e-02,6.0044008e-02,-5.1816302e-03,5.5557562e-02,7.7659487e-02,-6.8225640e-02,9.6894481e-02,8.8778525e-02,2.4815511e-02,5.0609024e-02,3.3122183e-02,-1.4922001e-01,-3.6206602e-03,5.2998650e-02,5.5626170e-02,7.1944474e-02,-7.0129618e-02,1.0560007e-01,1.2307823e-01,-1.2024834e-01,-1.1500643e-01,-8.3434438e-02,8.3079098e-02,-6.3732214e-02,-1.4251326e-02,1.2987863e-01,1.3056304e-01,7.1654274e-03,1.0915697e-01,-3.8068528e-02,3.2516250e-02,5.8685605e-02,5.2190946e-02
1.3146218e-01,1.3434667e-01,-6.4223923e-03,1.1532859e-01,-2.8958668e-02,-1.2202940e-01,1.2072078e-01,1.3452213e-01,1.6124508e-01,5.4260962e-03,-1.1797655e-01,3.3238361e-03,5.9303942e-03,-2.9214246e-02,1.3731790e-01,-7.4520041e-02,-9.0529967e-02,1.4756013e-01,-3.6882727e-02,-1.1630946e-02,1.3470185e-01,-1.1763482e-01,6.6509658e-03,7.5498166e-02,3.4385458e-02,3.7244403e-02,-1.1493091e-01,-6.4396104e-02,-1.0107775e-01,8.4874046e-02,-6.3355859e-02,-7.5701529e-02,-8.2447502e-02,9.6435294e-02,1.5319787e-03,-4.4893431e-02,1.2157911e-01,-3.1143950e-02,1.5420374e-01,-3.9390115e-02,-1.0909988e-01,1.0941522e-01,6.7301267e-02,1.2010919e-01,8.4097379e-02,5.1416407e-02,6.0373046e-02,1.0739796e-01,3.8005239e-02,-1.2350161e-01
-7.3078818e-02,1.4316957e-01,1.3061072e-01,-1.1610577e-01,-3.2794720e-03,-1.0647225e-01,-1.1711735e-01,3.5424048e-02,1.1390469e-01,-6.9003537e-02,9.4796578e-02,-1.0933593e-02,1.0688619e-01,1.9659684e-01,-3.5685440e-02,-1.1360101e-01,3.3336501e-02,-1.1739325e-03,1.1227163e-01,-1.1393627e-02,-2.4961963e-02,-6.6652349e-02,1.7194127e-01,1.2584292e-01,3.6394257e-02,7.3834952e-02,9.2322024e-02,-1.0759258e-01,5.4141736e-02,-7.9040940e-03,3.7575534e-02,8.7793038e-02,-5.2412914e-02,4.1832519e-02,4.0674550e-03,-1.8419496e-02,1.0700556e-01,1.0459714e-01,-7.2467070e-02,-5.2146839e-02,9.6764293e-02,-4.1616584e-02,-7.6575570e-02,-6.1963691e-02,-8.4464687e-02,-2.8961722e-02,3.2060258e-02,2.5288715e-02,-1.0293848e-01,-5.6165783e-02
9.7649166e-02,1.2313821e-01,1.2984958e-01,5.3165162e-02,-9.6059133e-02,-9.0018935e-02,-8.7584525e-03,-1.9090882e-02,-1.3405892e-01,3.6497581e-02,-6.5838079e-03,-2.8959896e-02,8.6770213e-02,2.6814280e-02,-5.8852127e-02,2.0369076e-02,9.0927394e-02,-3.2982129e-03,-9.5715437e-02,-3.0824443e-02,-2.3418450e-02,-5.4237779e-02,-1.2551099e-01,7.3562270e-02,7.3139777e-02,-3.7701826e-02,-1.4025239e-01,7.5877925e-02,-6.6465129e-02,-8.3562421e-03,-1.6644429e-01,1.0860131e-01,-9.0892006e-02,-3.3299343e-02,4.2704499e-02,1.0907019e-01,1.3452480e-01,1.1846274e-01,-1.2583508e-01,-1.0080633e-01,1.2568851e-01,9.4368358e-02,1.0097809e-01,1.4291568e-01,-2.1970102e-02,-9.1089753e-02,1.4770694e-01,-1.3035207e-01,-1.0866823e-01,-8.1860102e-02
3.0939122e-02,8.8445414e-03,1.0577061e-02,1.1083615e-01,-2.0643511e-04,-8.8197348e-02,-1.5414675e-01,-1.1912353e-01,-6.8390074e-02,-7.5007942e-03,1.0716867e-01,1.3929664e-01,-7.0326099e-02,-3.4342808e-02,1.4771048e-01,4.4570179e-02,6.9177971e-02,-6.8167398e-02,1.4390363e-01,-5.1736703e-02,6.6365924e-02,1.0206258e-02,1.0355378e-01,7.5994019e-02,1.4334328e-03,5.3627750e-02,-1.2408004e-01,5.4924512e-02,5.0687998e-02,-4.3526826e-02,8.5854969e-02,1.0299786e-01,1.2584847e-01,1.5712113e-02,1.6442739e-01,-1.2611112e-01,-1.3311419e-01,9.2244329e-03,1.8758744e-02,-8.4764220e-02,2.0545063e-02,-1.0156477e-01,8.5017597e-02,-1.4034793e-02,-7.8076587e-02,9.0276547e-02,-6.4983032e-02,1.8734989e-02,8.2398530e-02,-7.8721284e-02
-3.8583788e-02,8.7612042e-02,1.3816955e-01,1.0504971e-01,1.1253263e-01,-3.6215932e-02,-1.0171986e-02,6.2674715e-02,6.4139666e-02,1.9528546e-02,9.2391063e-02,-2.6370175e-02,-1.3004527e-01,-1.2965229e-01,1.1921712e-01,-9.5726733e-02,-5.8918380e-02,-3.1014486e-02,-7.5055876e-03,-1.2011377e-01,-3.3799057e-02,2.9305153e-02,-1.1117647e-01,-1.0693670e-01,1.0758913e-01,6.8450900e-02,6.5650474e-02,1.2863635e-01,-5.6259727e-02,-9.9212481e-02,7.5690912e-03,-9.8271359e-02,-1.0437646e-01,-3.7686672e-02,-1.0451863e-01,9.4104165e-02,-1.0503477e-01,-7.8606554e-02,6.6643440e-02,1.3594618e-01,7.1338312e-02,1.1625008e-01,1.3761481e-01,-2.4962199e-02,-1.4571382e-01,8.4408141e-02,4.6145675e-02,-1.1223622e-01,-9.2480563e-02,1.2947485e-01
5.0887880e-02,-9.3886283e-02,6.4499458e-02,9.2958292e-02,-1.6487770e-01,-8.6933398e-02,9.7634326e-02,7.1322784e-02,-1.5325443e-01,-5.1727149e-02,1.3345876e-01,-1.3331888e-01,4.8149355e-02,1.3437077e-01,5.8098021e-02,4.6686818e-02,-1.3492676e-02,-2.3726298e-02,-5.5173393e-02,8.8622780e-02,8.2793879e-02,-5.2238696e-03,7.5751232e-02,5.5220110e-02,-2.4093953e-02,1.2026597e-01,3.3260404e-02,1.1335401e-01,-1.0746765e-01,-1.0154830e-01,-1.1216149e-01,2.2719051e-02,-1.6994305e-02,-3.6687265e-03,9.4054507e-02,-1.8439667e-03,-7.9540804e-02,-7.6161824e-02,-3.6008964e-02,6.7234370e-02,7.8058688e-02,9.3642454e-02,-9.1912991e-02,-1.1214996e-01,7.2752480e-02,-1.8553957e-01,-1.4495938e-01,1.5361834e-03,-3.0351125e-02,-6.7988800e-02
1.2732979e-01,-1.0977977e-01,-1.2209652e-01,1.0586555e-01,8.6511234e-02,1.2001650e-01,-1.4701417e-01,1.2878200e-01,9.9014684e-02,2.4620755e-02,-7.4321873e-03,1.0250342e-01,3.5683700e-02,3.2096840e-02,-1.0020953e-02,5.7284610e-02,-1.6213468e-01,8.9646406e-02,-8.5846023e-02,1.3274378e-01,6.9176659e-02,1.4493707e-01,9.3903272e-02,-2.9001232e-02,-9.8708786e-02,-9.4236915e-02,-3.5831567e-02,1.1067931e-01,-1.2833100e-01,7.9556953e-02,-1.2942929e-01,-8.1380840e-02,1.3678726e-01,-5.6336159e-02,1.2243573e-01,-6.6764387e-02,1.3203528e-02,1.3022106e-01,-3.6743064e-02,1.2642652e-01,4.0518300e-02,1.1403040e-01,3.0513835e-02,6.1380451e-02,-6.2247131e-02,1.0103748e-01,-1.3249683e-01,-1.0666703e-01,-1.1231160e-01,-7.9225742e-03
-1.0662361e-01,-1.2945664e-01,2.8964725e-02,2.2835066e-02,7.8187705e-02,4.3922922e-02,-8.9215757e-02,-8.3530757e-03,5.3245445e-02,9.0040335e-03,-1.1968034e-01,-4.9988465e-02,-2.7893023e-02,4.3197606e-02,1.1575460e-01,-9.6102315e-02,1.0643026e-01,-1.2128798e-01,8.7402264e-02,-2.8999932e-02,5.8209527e-02,1.0045275e-01,-5.0628623e-02,7.1153842e-03,-1.2972936e-01,-7.9270408e-02,-4.8502241e-02,-2.4450485e-04,-7.3509353e-02,-9.0703053e-02,2.4547876e-02,5.2409082e-02,-4.6501027e-02,9.5368453e-03,-1.3269110e-01,7.6568896e-02,1.2056974e-01,-1.0493643e-01,-1.1394504e-01,-8.4203319e-02,-2.5698946e-02,-1.1150306e-01,1.3840283e-01,4.8618716e-02,1.3514688e-01,1.2055222e-01,-1.3019299e-01,-4.7908422e-02,8.4801796e-02,1.3568639e-01
-1.2482664e-02,4.6966387e-02,-1.5544078e-02,-1.3426741e-01,6.3810946e-02,3.1581032e-02,-6.6187165e-02,-9.8539311e-02,1.1087532e-01,8.4679859e-02,-1.2595810e-02,-2.1793590e-02,-7.8837899e-02,4.4203016e-02,1.0992640e-02,-9.7802462e-02,-4.9161177e-02,1.3270931e-01,-6.8184540e-03,-4.3391730e-04,1.5088676e-01,8.1565848e-02,-8.0706633e-02,1.2034645e-01,-7.6891482e-02,5.6562161e-02,-9.1541811e-02,1.3991705e-01,8.0844651e-02,1.4601614e-02,9.4677331e-02,1.2327566e-01,1.2092324e-01,-5.7762763e-02,4.9746026e-02,2.2190584e-02,-1.3979825e-01,-3.2037555e-03,-6.3120373e-02,-4.6419575e-02,1.0521167e-01,5.4507028e-02,1.0630203e-01,1.3434116e-01,9.9349837e-02,-2.5132523e-02,1.5670625e-01,3.6269589e-02,1.1880329e-01,2.0126980e-03
-4.3020023e-02,-3.2612544e-02,-2.5927458e-02,2.1311972e-02,1.2581368e-01,-8.2387287e-02,-6.3549984e-02,1.2116154e-01,-9.3818943e-02,-8.2548818e-02,8.5897587e-02,3.6739372e-02,-1.1298054e-01,3.6167482e-02,1.1202747e-01,1.3159305e-01,-1.9094402e-01,-1.3455668e-01,-1.1705317e-01,7.2865436e-02,3.6819246e-03,7.2403549e-04,-1.1730413e-01,1.1083205e-01,5.9664152e-02,9.7704525e-03,3.0681394e-02,-7.7541793e-02,-4.8401433e-02,-6.1988946e-02,1.0940486e-01,-1.0831607e-01,1.1270101e-01,-8.1956872e-02,-1.0663064e-01,-4.9324156e-02,-3.8745183e-03,1.1099718e-01,5.1178793e-02,-1.3913429e-01,-1.2134171e-02,9.1027578e-02,-1.1938425e-01,1.7701254e-01,-1.0974391e-01,2.1186658e-02,1.3093145e-02,-7.5611988e-02,9.6626991e-04,1.1543904e-01
1.0744043e-01,9.3361545e-02,-6.1965783e-02,2.9834141e-02,-1.0835306e-01,-6.2256642e-02,-5.1392674e-02,1.2440226e-01,-4.2753178e-02,-3.1257776e-02,-1.4612206e-01,-1.4914325e-01,-7.4163088e-02,-3.1748954e-02,-6.0441833e-02,1.0095951e-01,7.3768713e-02,3.4909249e-02,-9.7496977e-03,1.3225729e-01,-1.4121907e-01,9.6331330e-03,1.2989701e-01,2.3588819e-01,1.7898605e-02,1.0817295e-01,-9.0073871e-02,1.7259238e-02,-2.5485562e-02,-6.9374792e-02,-4.6685705e-02,1.3676182e-02,8.6498870e-02,4.3167658e-02,-7.5118670e-02,-1.2036097e-02,1.9834873e-02,-9.7377675e-02,-1.1358269e-01,-8.1891163e-02,6.3968552e-02,-1.3085802e-01,-4.9019020e-02,-8.0005145e-02,1.2269169e-01,-9.6964299e-02,-1.3998550e-01,-2.9499211e-02,5.4964878e-02,-8.3044939e-02
-2.9767013e-02,-1.3543928e-01,-1.1985950e-02,-9.9897994e-02,9.5573943e-02,-1.3070862e-01,3.1576539e-02,2.2818967e-02,-1.9917687e-02,-1.3334419e-01,1.0859684e-01,-2.9099363e-02,-1.1210079e-01,1.1066610e-01,-2.6579074e-02,4.2648975e-02,-1.0620871e-01,6.5155876e-02,-3.7070453e-02,-2.3013712e-02,5.9939428e-02,3.9767326e-02,5.4651103e-02,-8.1728564e-02,-1.0738407e-01,-1.1535993e-02,7.6013555e-02,4.2645680e-02,8.2590259e-02,-8.9077623e-03,8.1623037e-02,-7.4298603e-02,-2.8319030e-02,-1.2749608e-02,-6.7992050e-02,8.1928827e-02,-1.4513820e-01,-1.3985042e-01,2.9808178e-02,-1.3286833e-01,3.7250525e-02,1.4545138e-01,9.8993654e-02,-4.9180333e-02,-9.7555411e-02,5.9780322e-02,-1.1723510e-01,1.4252463e-01,-1.6397455e-02,2.4047062e-02
-1.4076266e-02,-1.5654822e-03,1.0856437e-01,-1.0952739e-01,4.0863583e-02,1.3194810e-01,-3.6620166e-02,-7.0060019e-02,-8.4543096e-03,1.1526743e-01,1.3257155e-01,-1.3555896e-01,-9.1201306e-02,9.0371809e-02,3.2160087e-02,-1.2901528e-01,-1.3509349e-01,1.0972689e-01,5.7229746e-02,-1.0463943e-01,-3.1522338e-02,-6.9065368e-02,5.4503242e-02,-6.8762696e-03,-6.2576837e-02,1.3345994e-01,5.6635240e-02,-2.1124955e-03,-7.1592687e-02,9.5482560e-02,1.3945009e-03,-5.2543078e-02,4.0125774e-02,3.9337311e-02,1.0356493e-01,6.3769593e-02,-1.5435227e-02,1.2201784e-01,-7.5443692e-02,7.0795780e-02,9.6804760e-02,6.9921781e-02,1.1204951e-01,1.0546505e-01,1.1642093e-01,8.5144667e-02,-6.8489216e-02,6.1258893e-03,3.0595065e-02,9.3492779e-02
1.3279648e-01,-9.2096943e-02,7.1478023e-03,1.5906390e-01,-3.2570501e-03,1.2967480e-01,4.1293889e-02,-1.8721903e-02,5.6646468e-02,1.4048403e-01,-5.0994367e-02,7.7673907e-02,-1.2823183e-01,-2.2524337e-03,-1.3260332e-01,1.0893636e-01,3.8004061e-02,-5.0532272e-02,1.2870655e-01,-1.0164065e-01,9.7971149e-02,4.6398477e-02,-1.0561648e-01,-6.3939782e-02,-5.4843374e-02,7.7728708e-02,1.2397108e-01,-2.1637800e-02,5.0481577e-02,-3.0578997e-02,3.7262986e-02,6.3785601e-02,3.1328864e-02,9.1267631e-02,-8.0301261e-02,2.2294890e-02,-7.0870810e-03,-9.7791708e-02,-6.4547756e-02,-6.7294234e-02,-2.1428731e-02,-7.4993192e-02,-3.7515840e-02,-9.3752399e-02,1.1464706e-01,-5.8378092e-02,1.2500607e-01,1.1582764e-01,1.2657382e-01,-1.4728863e-02
3.0173237e-03,9.0625036e-02,1.3505890e-01,1.6947710e-02,-5.4647144e-03,6.5635189e-02,-3.4122649e-02,1.3023052e-01,-1.2299540e-01,-3.6779271e-02,-7.1580632e-02,-8.6994498e-03,-1.1859770e-01,-5.8884522e-02,1.1624445e-01,-5.1005129e-02,1.6481381e-02,9.3806641e-02,-5.7709307e-02,7.7293498e-02,-3.5126255e-02,-4.9717683e-03,3.0247335e-02,-6.8964555e-03,7.1357760e-02,-4.1428740e-02,-8.5846671e-03,7.5942930e-02,8.5397460e-02,-6.1317167e-02,1.0355205e-01,-7.5768514e-02,3.4292033e-02,1.2638716e-01,1.3392298e-02,1.1677091e-01,-9.1484615e-02,-4.7615171e-02,1.5856604e-02,-3.5079332e-02,7.0706730e-02,8.0961380e-02,-4.4202064e-02,9.6565694e-02,-1.7889782e-02,-1.7557515e-02,1.5884849e-01,5.9165683e-02,5.9894569e-02,-1.3081590e-01
7.2952139e-02,1.5408868e-01,-1.1323457e-01,4.4355939e-02,6.5828729e-02,5.7329672e-02,-5.0439913e-02,5.3855014e-02,9.6954811e-02,-1.5269203e-02,-5.4380908e-02,-1.1857540e-01,-8.7284526e-02,4.2643137e-02,8.0316563e-02,-7.0695797e-03,-2.9771816e-02,4.7086198e-02,-1.2069539e-01,-8.6921507e-02,6.5664298e-02,1.1523339e-01,1.3470303e-01,1.0477192e-01,-1.4045116e-01,1.1470037e-03,-3.5973545e-02,-1.4311964e-01,-1.5109906e-01,9.0638395e-02,-5.8346032e-02,1.1509681e-01,-9.5693055e-02,5.4403995e-02,-4.1927674e-02,1.2558242e-01,5.6081425e-02,2.9228264e-02,1.0474522e-01,7.7378589e-02,8.7438855e-02,-8.9550617e-02,8.2890626e-02,-1.7670759e-01,1.2388099e-02,-2.0602910e-02,2.0887021e-02,8.3136672e-02,-5.4797092e-02,-8.9368806e-02

-1.1570057e-01,8.2174479e-02,5.9834475e-02,4.3547343e-02,-1.3941933e-01,-2.8867540e-02,-9.0731257e-02,5.9367736e-02,1.3787752e-01,-1.6087063e-01,-8.7846630e-02,-3.5333021e-02,2.5180287e-02,2.8525472e-02,-5.0003937e-02,-2.7485301e-02,9.5427550e-02,8.4356104e-02,-4.7448695e-02,-7.0511712e-02,-6.3871892e-02,-7.3692912e-02,6.2461210e-02,-2.5954388e-02,3.7417963e-02,1.2492412e-01,1.0601615e-01,-2.6885926e-04,2.8816653e-02,-1.2890107e-01,2.3964100e-02,-3.1642899e-02,6.4776805e-02,3.8896900e-02,4.6347989e-02,1.1030108e-01,2.0215652e-02,3.6949817e-02,4.3030819e-02,1.0005054e-01,-1.3334830e-01,1.1857670e-01,1.3335007e-01,1.0116913e-02,1.2504351e-01,7.8721559e-03,-3.5312609e-02,1.0034240e-01,2.7279876e-02,-1.1564013e-01,4.9930286e-03,-9.9229157e-02,1.0152564e-01,-4.7909008e-02,-6.6652508e-03,1.1395800e-03,2.5017050e-02,7.5662665e-04,1.4374159e-01,1.3103585e-01

-5.9558520e-02,6.2426055e-02,4.0084248e-02,1.0700653e-01,4.8477886e-02,-1.1059172e-01,-1.1432066e-01,-5.2628018e-02,-7.4207866e-02,1.3798356e-02,7.7193442e-02,2.1403006e-02,5.6927352e-02,-8.7016211e-02,8.7586002e-03,-9.4375045e-02,2.4835604e-02,1.1931011e-01,6.7630039e-02,1.0416163e-01,-1.2899752e-01,-8.4292500e-02,9.8307324e-02,-9.8611629e-02,-9.6249693e-02,1.2858647e-01,1.1730385e-01,-7.9832140e-02,1.1025009e-01,-1.2886650e-01,4.8653927e-02,4.0019280e-02,-7.9633397e-02,-8.5128306e-02,2.0320225e-02,7.3209815e-02,1.2396549e-01,-4.7332646e-02,1.2366544e-01,1.3604115e-01,1.0555398e-02,-2.6545446e-02,1.2331166e-01,2.4680721e-02,1.0815174e-01,2.4988429e-02,-1.2720569e-01,-2.4211077e-02,-4.9059887e-02,2.2765545e-02,-1.9029933e-02,1.7393176e-03,-7.3725298e-02,9.0904150e-02,8.4163327e-02,7.2662700e-02,9.4713274e-02,-2.4018776e-02,3.6746862e-02,-1.0653359e-02
-7.8906008e-02,-2.6471186e-02,1.2793906e-01,-3.1853904e-02,-4.0977765e-02,1.2405608e-01,-2.3772798e-02,8.4820619e-02,3.4808211e-02,1.8194738e-02,-6.4170033e-02,-7.5145920e-02,5.2115586e-03,1.1371170e-01,-1.5934750e-02,-1.0705819e-01,5.9068194e-02,-3.6879110e-02,1.5981721e-01,2.0937162e-02,4.2482377e-02,1.1395308e-01,6.8651769e-02,3.6538604e-02,1.1746666e-01,-8.0865756e-02,3.4848346e-03,1.0886317e-01,1.2742102e-01,4.8551656e-02,5.8871997e-02,-8.0476332e-02,-4.4301458e-02,-6.8773988e-02,6.6358721e-02,-3.3904039e-02,-1.1750930e-01,8.2292701e-03,1.4080627e-01,1.4163836e-01,4.5819248e-02,7.3018521e-02,-4.3005785e-02,-5.0390726e-02,7.0130498e-02,1.3222178e-01,-1.6020517e-02,-1.2152720e-01,-3.8244458e-02,9.9804851e-02,5.0846066e-02,1.0728154e-02,1.2093046e-01,7.8609585e-02,-7.3517187e-02,6.7197927e-02,-7.1800481e-02,1.6811982e-02,-7.8686597e-02,1.2209860e-01
-5.8331624e-02,1.0347716e-01,6.2732396e-02,4.0376426e-02,1.2804419e-01,-6.0478022e-02,4.5317836e-02,-1.2645036e-01,2.0800420e-02,2.7406708e-04,3.7633371e-02,2.3701069e-02,-1.1436871e-01,4.7658195e-02,-8.5768656e-02,-3.4871006e-02,8.8068279e-02,-1.2074421e-01,7.3377581e-02,-8.0876861e-02,8.0628442e-02,5.6164144e-02,-7.2167456e-02,4.8940489e-02,-1.1319543e-01,-7.5047002e-02,-7.4264830e-02,-2.4023086e-02,1.1448464e-01,-7.2723820e-02,-6.6490819e-02,-6.5846696e-04,-1.1827978e-01,8.2606215e-02,-9.0385809e-03,-8.7602292e-02,1.0030333e-01,-4.9975969e-02,-3.7821065e-02,1.0516555e-01,-2.6286806e-02,-9.2560545e-02,1.8970320e-02,3.0324375e-02,-3.8369697e-02,-2.8708559e-02,1.0461973e-01,-2.5364502e-02,-5.6732460e-02,-3.3720816e-02,2.2393093e-02,-2.1155638e-02,-1.3007863e-01,7.4083391e-03,-4.1329320e-02,5.5869444e-02,2.7468093e-02,-9.7335321e-02,9.7145848e-02,-3.2607538e-02
7.5963779e-02,-3.4539061e-02,2.9372411e-02,1.2915759e-01,-6.2017107e-02,1.1845764e-01,-4.3844103e-02,7.5012611e-03,-2.0025233e-02,-8.7909308e-02,9.4553345e-02,8.9873708e-02,9.5747464e-02,8.3609535e-02,-3.6967336e-02,-6.9639110e-02,-7.2751875e-02,1.6285041e-02,4.5344092e-02,8.6233773e-02,-2.7472073e-04,1.2532365e-01,1.2137002e-01,1.7532777e-02,1.0152235e-01,2.3683535e-04,2.2300019e-02,7.0955769e-02,-4.7138203e-02,2.9556520e-02,-4.7442955e-02,-1.1434959e-01,-1.0605305e-01,1.2572058e-01,-9.0369934e-02,-3.4996355e-02,2.3181093e-03,-4.2662041e-02,7.7797537e-02,1.0018166e-01,6.0276359e-02,-9.4029369e-03,-1.1783655e-01,-1.0634558e-02,3.7135384e-02,2.2871018e-02,7.6959660e-02,6.7561196e-02,-8.4584708e-02,4.5817769e-02,-2.0328910e-02,8.4692511e-02,-1.0558808e-01,-8.2873828e-02,2.0014252e-02,-9.6519515e-02,5.5381249e-03,-5.1360533e-02,-5.2492450e-02,2.5275394e-02
-4.6813566e-02,5.5533394e-03,7.6407704e-03,-5.9298414e-02,1.0741836e-01,6.2918953e-02,4.8608043e-02,-7.9366214e-02,9.0887447e-02,1.2710713e-01,-6.3031172e-02,1.2372561e-01,5.1460468e-02,-1.2551711e-01,-8.4455305e-02,6.6833333e-02,-8.1474337e-02,9.1117531e-02,4.6998330e-03,8.1419989e-02,-1.0873909e-01,-6.8720595e-02,4.6904508e-02,-3.1895909e-02,5.5554096e-02,9.4675173e-02,-1.9865791e-02,8.9936733e-02,-1.1823212e-01,1.0912988e-01,-1.2557858e-01,-3.5460169e-02,-6.9706675e-02,-1.2419371e-01,8.9404558e-02,-4.0859181e-02,-2.4027946e-02,-9.0796329e-02,9.5229827e-02,1.1722845e-01,-3.9287499e-02,-1.1120736e-01,-1.4833283e-02,-1.1902407e-01,-7.5783124e-02,-5.3888483e-02,-4.0022354e-02,8.2412528e-02,2.6779435e-02,-3.6732359e-02,-8.4342607e-02,1.2000639e-02,3.1696249e-02,-6.4790849e-03,-8.9047895e-02,6.4535396e-02,1.1114306e-01,1.7409461e-02,1.0173187e-01,3.6774078e-02
-2.0455066e-02,6.4987605e-02,-6.5803553e-02,-5.6972179e-04,1.2250003e-01,6.3286249e-02,-4.9245354e-02,-1.1762463e-01,2.9872376e-02,1.1454800e-01,1.4003520e-02,4.8012632e-02,3.8486148e-02,-6.0075731e-02,7.2968267e-03,-9.7944683e-02,5.1706662e-02,-3.1822466e-02,7.0551214e-02,1.6736062e-03,1.1309465e-01,1.1155945e-01,1.1449901e-01,1.6547601e-02,3.1960155e-03,6.1677183e-02,3.6900860e-02,-9.0951970e-02,-4.6350269e-02,-6.3991076e-03,-9.0559091e-02,-7.5315110e-03,-3.8850126e-02,-3.4528753e-02,-7.9772317e-02,5.6814840e-02,-5.0492942e-02,-2.2704951e-02,5.6319842e-02,1.4701586e-02,-3.1779558e-02,-6.3318600e-02,-7.8141067e-02,7.5283027e-02,-8.1557292e-02,1.0061432e-01,-3.7977010e-02,-6.3736987e-02,-2.2715950e-02,-5.3863059e-02,1.1707949e-02,-3.1624829e-02,-3.1080563e-02,-5.3310581e-02,-1.3078963e-01,-4.9768393e-03,8.3571519e-02,-8.1682200e-02,-1.0948198e-01,-5.4651368e-02
-7.7539938e-02,-1.2052678e-01,-8.8820331e-02,1.5417534e-02,-7.2945668e-02,-1.2633285e-01,6.9738833e-02,-2.0973959e-02,-8.7500901e-02,-5.8334281e-02,3.1461105e-02,-5.4737031e-02,-1.3856430e-02,-1.8615409e-02,-1.0508477e-01,-5.2929883e-02,5.3583822e-02,-5.3725734e-02,-1.0501191e-01,-4.3624374e-02,5.3698474e-02,-9.5541416e-02,2.8583084e-02,-9.3881427e-02,-6.1452948e-02,-2.0899322e-02,1.0553924e-01,6.8486124e-02,-1.2118169e-01,2.9555758e-02,-4.2006616e-04,-6.9358490e-02,-4.8676173e-02,-2.8359004e-02,-3.3992125e-02,-1.9753039e-02,-1.9711282e-02,3.7857402e-02,1.2006357e-03,1.0940183e-01,1.0807995e-01,-1.0429907e-01,1.1958256e-01,7.8819595e-02,9.5839027e-03,3.4101598e-02,6.3006204e-02,1.0943175e-01,-1.2721394e-01,-8.5947744e-02,-4.8714388e-02,-1.5169254e-02,6.9507472e-02,1.1229862e-02,-7.4366224e-02,5.8808808e-02,-8.4452127e-02,2.4770066e-04,1.1746997e-01,-1.0121599e-01
1.4558634e-02,-2.1291128e-02,-7.1933902e-02,-8.8251588e-02,-1.1836860e-01,1.2286787e-01,-1.2751358e-01,1.3085015e-01,-6.2090503e-02,-7.0679237e-02,5.2968697e-02,1.1435176e-01,1.7997723e-03,-8.1676449e-02,6.5053130e-02,2.3968511e-03,-1.2150864e-01,-1.1256347e-01,8.4941111e-02,8.7132601e-02,-8.0254031e-02,8.4543607e-02,1.4158948e-02,6.3252225e-02,1.2413269e-01,-5.8025579e-02,1.0710365e-01,-2.6432421e-02,6.0620909e-02,2.8153524e-02,-1.1888702e-02,4.0982795e-02,1.0194028e-01,-8.9913222e-02,-2.1075716e-02,3.9743685e-02,-9.1022867e-02,3.4370461e-02,3.7212400e-02,7.3034164e-02,9.6869134e-02,-4.8831152e-03,-2.1924775e-02,-5.2927690e-02,-2.2821726e-02,-5.1846324e-02,-7.0416649e-02,7.0012668e-02,-5.5475983e-02,-1.1934959e-01,-6.9161655e-02,6.7237078e-02,5.0001202e-02,-5.5789814e-02,9.1831256e-02,-1.6727710e-02,8.8798408e-02,-2.2642033e-02,-5.7913308e-02,5.4271108e-03
3.4635580e-02,-2.8085562e-03,7.8282954e-02,7.4016510e-02,-5.0722979e-02,-3.9546307e-02,1.3038474e-01,-4.9025709e-02,-4.2772690e-02,7.2350471e-02,9.9709446e-02,9.8054574e-02,1.0041239e-02,-5.9608975e-02,8.8167606e-02,1.2666646e-01,-5.2434494e-03,8.6286677e-02,4.5137438e-02,-1.6490760e-01,8.5748568e-02,-4.4536742e-02,-1.6673278e-02,-1.0396504e-01,-9.2624907e-02,4.0193101e-02,-8.8292662e-02,1.1329364e-01,-8.2029416e-02,8.8796396e-02,-1.4649313e-01,3.5931734e-02,9.3196504e-02,-6.0265666e-02,8.6186875e-02,2.2641667e-02,-1.2626172e-01,-2.7235902e-02,-2.7425005e-02,-1.0953698e-01,6.8980223e-02,-1.1612307e-01,6.7539895e-02,-3.3273291e-02,4.1207704e-02,-1.5160663e-01,2.3166200e-02,8.1001419e-02,8.8622876e-02,-7.0808681e-02,1.6585990e-02,4.6251024e-02,1.2166380e-01,-1.1939448e-02,-1.7764322e-01,-1.1134273e-01,6.0951250e-02,4.5857091e-02,3.4397758e-02,5.5155741e-03
-1.5865588e-02,-8.1436087e-02,1.3059276e-01,4.2948699e-02,-6.5809722e-02,1.0981667e-01,6.4186380e-02,-1.2311051e-02,9.3355997e-02,3.0184539e-03,-9.0202662e-02,2.0741539e-02,1.1335778e-01,-6.7643097e-02,-1.0128311e-01,1.2040025e-01,1.0757446e-01,8.8047958e-02,1.3543196e-01,-7.3238933e-02,9.1167685e-02,1.4970931e-01,7.2746218e-02,9.0643506e-02,9.0469347e-02,5.7435162e-02,7.5004251e-03,-3.7871778e-02,-9.9893688e-02,-8.0351756e-02,1.0250285e-01,2.7281103e-02,-1.6266735e-02,4.8593002e-02,1.1830296e-01,2.1248127e-05,1.2064707e-01,-9.1072745e-02,1.1907826e-01,-5.2662324e-02,3.4759894e-02,-9.2678155e-02,1.2273577e-01,5.9780439e-02,2.1612665e-02,1.1195585e-01,-5.7812253e-02,1.2802868e-01,8.4651230e-02,9.9590536e-02,-3.1072635e-02,4.9734001e-02,-3.4797815e-02,-4.9247259e-02,1.3729000e-01,1.1229872e-01,-4.8949928e-03,4.9731884e-02,2.7209586e-03,6.7486758e-02
-4.4067430e-02,6.9193795e-03,-5.9833130e-02,-9.7523143e-02,-4.4597557e-03,-1.1685566e-01,-5.9576136e-03,6.6528946e-02,-3.9581743e-02,1.0360262e-01,-3.4496145e-02,1.0464758e-01,1.2000972e-01,-3.6021039e-02,-1.0793559e-01,6.4281422e-02,-6.9544369e-02,-9.1136215e-02,-6.2411664e-02,1.9617789e-02,4.3222784e-02,2.1521978e-02,-9.1058527e-02,2.1693231e-02,-2.8382058e-02,3.3486744e-02,-8.6975235e-02,-7.2096068e-02,-7.0165734e-02,7.4984740e-02,1.0211737e-01,8.8530462e-02,8.3543466e-02,3.4016100e-02,3.1252505e-02,-1.9180309e-02,5.1586996e-02,4.5108887e-02,-1.1632640e-01,-3.9334598e-02,-1.0185598e-01,-7.6347458e-02,1.6697327e-02,-9.3207031e-02,1.4805528e-02,-4.9415019e-02,-4.2238695e-02,-1.1833079e-01,5.5355525e-02,-3.2558143e-03,9.7595707e-02,-6.0403836e-02,2.7248578e-02,2.5809935e-02,9.5271243e-03,1.2502030e-01,-6.2355729e-03,5.2619945e-03,2.2347137e-02,-8.0286534e-02
-2.8572956e-02,5.4038126e-03,-1.4395496e-02,-9.5791037e-03,8.6828890e-02,-1.2849684e-01,1.6832596e-02,2.7968758e-02,1.1857731e-01,1.0605773e-01,-1.1962702e-01,1.8755432e-02,8.7226268e-02,-1.0362943e-01,4.0499939e-02,-9.4996029e-02,2.1984575e-02,1.0950276e-01,6.2302840e-03,-1.4086244e-01,-5.8394436e-02,1.0636583e-01,-3.2232914e-02,-6.6240977e-03,-8.4167329e-02,-1.9623911e-02,-1.0581150e-01,-1.0554730e-01,3.6422402e-02,-5.4589889e-03,9.9081425e-02,1.4472640e-01,-8.0901628e-02,2.8377859e-02,-1.0838628e-01,1.7173575e-02,-1.0180665e-01,1.2616291e-01,2.4046316e-02,-5.8348257e-02,3.9457228e-02,7.6710949e-02,5.3611366e-02,1.0574964e-01,3.9037005e-03,-4.2214467e-02,4.2888487e-02,-8.4656908e-03,-2.3784909e-02,-6.5725143e-02,-3.8518242e-02,-8.9944917e-02,1.7481113e-03,-7.4690069e-02,3.8459752e-02,6.1075368e-02,-2.8245084e-02,1.1031849e-02,1.3175490e-01,-7.8605854e-02
-3.3188659e-02,-8.2418172e-02,1.2204886e-01,-1.2381712e-02,2.3825622e-02,-1.9264491e-02,-8.5241077e-02,1.0767717e-01,1.4471685e-02,-8.7352417e-02,-8.4352003e-02,-3.2442503e-02,-6.4761326e-02,-7.4867248e-02,6.4974920e-02,1.5112143e-02,5.6010374e-03,-6.1841389e-02,-7.8805425e-02,-3.1973718e-02,-6.7254358e-02,7.9949535e-02,-2.0411581e-02,1.1770794e-01,1.1045918e-01,-7.2550543e-02,4.0174334e-02,-1.1093728e-01,-9.1307937e-02,-6.7473892e-02,-4.0321675e-02,7.0345855e-02,-2.0042146e-02,9.1609677e-02,-4.8115629e-02,-2.4558891e-02,1.1109392e-01,8.9640145e-02,-7.3217959e-03,-4.7548499e-02,5.1062533e-02,1.2777911e-01,3.3950440e-02,-1.0929078e-01,8.2683359e-04,6.5214130e-03,-3.2342018e-03,-1.1759875e-01,-7.0022099e-02,1.1613063e-01,1.2522808e-01,-8.0295853e-02,7.7404536e-03,-7.4968566e-04,-8.4764659e-02,-7.6158941e-02,-2.3067878e-02,-2.2429165e-02,8.5398971e-02,-1.6221989e-02
-2.5990854e-02,-1.1990092e-01,-9.2219911e-02,4.5706367e-02,3.7399333e-02,5.8176677e-02,1.1535779e-01,4.8799492e-02,-1.1511117e-01,9.9398731e-02,-5.1617991e-03,1.0493315e-01,4.6890765e-02,1.1823857e-01,-9.5307195e-02,9.9059745e-02,-4.6149608e-02,-2.5525281e-03,-7.7360471e-02,7.9577552e-02,7.8965203e-02,-8.4362021e-02,-7.2467190e-02,8.4910560e-02,5.6979437e-02,-8.5755858e-02,-7.6241722e-02,-1.4894435e-02,-9.6602125e-02,4.7543725e-02,-5.4469784e-02,8.5121968e-02,-5.4283915e-02,1.1501634e-01,1.9849314e-02,6.6928240e-02,4.6655914e-02,-1.2247629e-01,4.0046560e-02,-7.8988947e-02,5.3347593e-02,-1.1576744e-01,-8.6887888e-03,-9.0576524e-02,1.0686283e-01,-1.8212486e-02,-1.0318792e-01,8.5696926e-02,-7.0189032e-02,-2.4336024e-02,9.5655078e-02,-8.0182476e-02,9.3685863e-02,4.2383245e-02,4.1164436e-02,-9.0041765e-02,-8.8392807e-02,-1.2542701e-01,2.4966203e-02,-3.4152153e-03
-3.7180366e-03,-4.5756366e-02,2.2611566e-02,7.6937576e-02,-1.2707519e-01,-2.7396759e-02,9.7142053e-03,-7.5654650e-02,-8.9685050e-02,-6.9414803e-02,6.3729013e-02,5.7670924e-02,-1.1798709e-01,-2.4804158e-03,9.0341015e-02,6.8933524e-02,-3.7924774e-02,4.6257249e-02,-1.3721306e-02,-8.0467244e-02,3.3142574e-02,1.0087457e-01,-5.0953573e-02,4.6376591e-02,4.0081195e-02,1.1379335e-01,-4.7719115e-02,1.1984067e-01,1.3561443e-01,7.8246450e-02,8.5763085e-02,-6.4541477e-02,9.4793387e-02,9.1861671e-02,-8.4653954e-02,-7.5438418e-02,-1.0036765e-01,1.3246482e-01,-7.9659638e-02,-5.4794893e-02,-6.5633628e-02,-4.0176210e-02,-1.2268542e-01,-3.9676734e-02,-2.1067961e-02,-1.3452290e-01,1.2371582e-01,-1.4391571e-01,-1.0832046e-01,-6.6555964e-02,-1.0286825e-02,1.2694663e-01,-7.8831849e-02,-4.0412921e-02,1.1856943e-01,-1.3416760e-02,-6.0669310e-02,7.1039832e-02,-3.4336151e-02,1.1168096e-01
8.7910534e-02,1.1623074e-01,1.1188812e-01,4.3067987e-02,-2.4337940e-02,-3.6788224e-02,4.9444447e-02,2.1964492e-02,-3.1963139e-02,1.1541733e-01,7.1388635e-02,7.2043366e-02,2.6783815e-02,6.0133973e-02,-5.7869944e-02,-5.7420271e-02,4.0750262e-02,-3.1107219e-02,6.6395374e-02,4.3193754e-02,5.0543782e-02,-6.4910058e-02,5.6931334e-02,1.1504251e-02,1.1325555e-01,2.7118373e-02,1.3526987e-01,6.3175358e-02,-1.0056490e-01,-8.6901125e-02,1.4332494e-01,6.7887410e-02,-1.1530273e-01,-1.0859745e-01,-6.5285624e-02,-6.2828611e-02,2.6171201e-02,5.8807078e-02,7.5769838e-02,6.5806871e-02,4.2922046e-02,1.0886153e-01,1.1944643e-01,1.7911610e-02,4.0067129e-02,1.6546959e-02,-3.2785678e-02,9.3574371e-02,-2.5476052e-02,4.4663787e-02,-5.4927730e-02,-1.0197510e-01,-5.8925312e-02,9.8424733e-02,9.7278636e-02,-1.0180399e-01,4.0553360e-02,-2.7119758e-02,-1.3846658e-01,1.1486558e-01
1.1703487e-01,-3.0422733e-02,3.4361827e-02,-8.5017946e-02,7.1599111e-02,-4.4191596e-02,-1.2325560e-01,-1.8817693e-02,-7.8483745e-02,4.6880681e-02,2.7400833e-02,-6.9045059e-02,-7.4071024e-05,-4.3545990e-03,8.4560455e-02,1.8232057e-02,-4.4500401e-03,-7.0665712e-02,-1.1223725e-01,-7.0914029e-02,1.0966606e-01,-4.5890154e-02,-4.5379642e-02,1.9964312e-02,-1.2125386e-01,1.0806598e-01,-1.1223038e-01,2.0106766e-02,7.8263436e-02,5.4800360e-02,7.4456576e-02,7.7402636e-02,9.1256953e-02,1.1459516e-01,-1.2730961e-02,-3.1031703e-02,8.5571354e-02,1.2085072e-01,-1.3178677e-02,-1.3592221e-02,1.5221783e-02,-3.0333877e-02,-9.7182608e-02,1.3992034e-03,7.0579226e-02,3.2398421e-02,8.8756722e-03,3.5697741e-02,4.2033121e-02,-1.0188472e-01,6.6570076e-02,4.0038820e-03,-5.6930415e-02,5.2619636e-02,-7.8937129e-03,3.6435847e-02,9.4047042e-02,-3.9798621e-02,-8.9287824e-02,-9.5173051e-02
-3.3543448e-02,1.1933494e-01,-1.8001314e-02,-4.4078261e-03,-5.8550313e-02,3.7341180e-03,9.5563845e-02,-7.9690962e-02,-6.8420929e-03,4.7460344e-02,5.2741837e-03,-2.7889703e-02,-2.4364389e-02,-1.0504514e-01,-8.7005533e-02,6.5673670e-02,1.3246872e-02,6.7073181e-02,3.6676275e-02,-1.0272986e-01,1.0712435e-01,-2.4389309e-02,-8.5850065e-02,-8.0669339e-02,-4.0338097e-02,-8.3992873e-02,6.2027169e-02,-1.2483762e-01,-7.1344225e-03,-6.4430710e-02,2.8553863e-02,1.1527951e-01,5.2197317e-02,-4.7424126e-02,4.7164689e-02,1.0054459e-01,9.1178040e-02,-4.2983813e-02,6.7326066e-02,2.9966494e-02,8.8251684e-02,1.2615908e-01,-6.0554923e-03,-7.3858648e-02,1.1937427e-02,-2.6584779e-02,1.1522721e-01,-1.1605622e-01,1.2466305e-02,-1.9442668e-02,1.0038366e-01,6.9289049e-02,1.0424586e-01,1.1157715e-01,6.1388259e-02,1.3210835e-01,1.0667895e-01,9.0884479e-02,6.2137734e-02,5.3974886e-02
-6.0946489e-02,-4.3350152e-02,-1.2316165e-02,8.8518492e-02,3.9424633e-02,-7.3227382e-02,8.9912299e-02,7.3861734e-02,1.5381989e-02,-1.2245962e-01,9.8057033e-02,9.0303403e-02,1.6308824e-02,-3.5501624e-03,8.5271860e-02,3.7017422e-02,1.2946932e-01,-5.7959438e-02,-4.0687637e-02,4.8892212e-02,6.2971985e-02,1.1657561e-02,1.7997677e-03,-5.9137427e-02,-3.7733235e-02,6.5937479e-02,8.7760769e-02,9.7437444e-02,-1.2220878e-01,-1.0321016e-01,5.9871076e-02,-7.5600694e-02,8.9410830e-02,-4.3545472e-02,1.1320176e-01,1.3974572e-01,7.6647948e-02,1.5998934e-02,-9.1715000e-02,-1.9896653e-02,7.6559256e-03,5.1029864e-02,9.0501873e-02,-5.8042804e-02,1.1186867e-01,5.5079404e-02,7.9397010e-02,6.3600959e-02,7.6513904e-02,7.1434721e-02,1.8374974e-02,-7.0035378e-02,7.0969404e-02,6.9111905e-02,1.8665419e-01,4.4550216e-02,6.2222710e-02,6.4973628e-02,-4.9454896e-02,5.5833065e-02
-2.4634411e-02,-1.1762238e-01,1.3503773e-02,9.7721983e-02,-2.2301846e-02,-9.9761595e-02,1.0580949e-01,5.6548729e-02,-9.4375527e-03,6.4735708e-02,4.0582480e-02,-5.7168522e-03,4.3248541e-02,-2.8312023e-02,9.1187928e-02,5.9289342e-02,4.8590336e-02,-1.7325270e-02,-1.3200944e-01,1.0342487e-01,3.2150286e-02,-3.0363898e-02,4.7719053e-02,3.6332541e-02,4.1032635e-02,-7.1637758e-02,5.0951205e-02,2.9331318e-02,-1.2929317e-01,8.0655285e-02,-1.2882104e-01,-5.1777011e-02,6.7848708e-02,-7.0403989e-02,-1.7238769e-02,4.2955768e-02,1.8731126e-02,-1.2523500e-01,-8.3248287e-02,-1.0646054e-01,2.5684693e-02,-1.2021840e-01,1.2682789e-02,-3.8083719e-02,1.0794838e-01,1.1518638e-01,-5.1420385e-02,-6.9666687e-02,6.8534413e-03,5.4483023e-02,8.2104303e-02,1.0688366e-01,-6.8887045e-02,-2.9845839e-02,1.2188769e-01,1.1304029e-01,-1.0360024e-01,-1.0469021e-01,-1.2216401e-01,-8.6924936e-02
-2.2984469e-02,9.7336393e-02,-1.0566395e-01,1.7133429e-02,9.3844167e-02,1.6044419e-02,-1.4365553e-03,-3.9382425e-02,-4.2642003e-02,-9.1276269e-02,2.4552799e-03,-9.0526982e-02,7.0740400e-02,3.0079515e-02,-6.5285080e-02,1.9175748e-02,7.8338830e-02,9.0062347e-02,3.4477185e-02,6.6356437e-02,-9.9940782e-02,2.5353220e-02,1.1024420e-01,1.6749654e-03,2.8557984e-02,-8.6149897e-02,9.7256468e-02,1.2064759e-01,-4.3452852e-02,7.7677158e-02,-2.2726232e-02,-7.2413626e-02,4.7584284e-02,-9.7188295e-03,-6.2068583e-02,1.2882969e-01,1.7258401e-01,1.3038154e-02,-9.6376147e-02,1.0973625e-01,3.5869847e-02,-3.4271803e-02,-8.4682929e-03,-3.3832444e-02,1.2569958e-01,1.3685274e-01,-1.3142187e-01,6.8005922e-02,1.1817297e-01,3.5291906e-02,-3.5354583e-02,-2.5027257e-02,9.0456295e-02,-2.6424622e-02,3.6237935e-02,3.9065230e-02,1.8315857e-02,-1.0435893e-01,-1.0670050e-01,3.1568968e-03
8.9002814e-02,1.0936097e-01,-4.0526460e-02,8.2072955e-02,6.0568994e-02,6.1544858e-02,6.6719075e-02,-7.9184439e-02,1.0975637e-01,-1.8516679e-02,-9.4645552e-02,4.5581748e-02,-5.7540269e-02,-5.2883666e-02,-1.1058812e-01,7.8161092e-03,-1.9007911e-02,-1.3113463e-02,-6.9608944e-02,3.7000376e-02,-4.3425912e-02,1.2721134e-02,-6.7955297e-02,6.6579305e-02,3.1926005e-02,1.2042296e-01,-1.0066455e-01,-5.8050654e-02,3.2178035e-02,5.6512438e-02,-3.2766354e-03,-1.1155958e-02,6.4711319e-02,-5.4992155e-02,-3.9006593e-02,-5.4502799e-02,-1.0876011e-01,8.0340276e-02,-5.6769638e-02,1.5723375e-02,9.4208968e-02,-1.0418922e-01,5.3157084e-02,-9.2836342e-02,9.0553427e-02,6.8844833e-02,-7.4647956e-02,2.8970621e-02,7.2863524e-02,-3.8281295e-02,-6.2020336e-02,-6.9715087e-02,9.6262587e-02,-4.8189846e-02,-1.3099674e-01,4.0807144e-02,-1.0737650e-01,-9.3823805e-02,8.4199746e-02,-4.1881678e-02
-1.1372066e-01,-2.6392564e-02,-9.3715898e-03,1.3314988e-01,6.5766320e-02,-7.2862596e-02,4.5687582e-02,1.3160830e-02,-2.1840544e-02,-4.3818424e-02,-1.0619650e-01,-2.7006026e-02,2.3818504e-02,9.2943078e-02,-1.4845237e-02,1.9774888e-02,1.4901082e-02,-7.6126538e-03,-4.7273121e-02,-4.5691127e-02,3.8726386e-02,-4.8394640e-02,8.3682754e-02,1.0463643e-01,4.7316751e-02,-5.7691744e-02,-8.7770897e-02,1.4980089e-01,-2.8898338e-02,-1.0094567e-01,-6.2958857e-02,-8.9356383e-02,-1.0685572e-02,1.1915282e-01,-1.1434232e-01,-3.1609505e-02,-2.1184516e-02,-1.6648324e-01,6.1887218e-02,-1.0386459e-01,7.9638501e-02,-1.4370693e-01,3.2560055e-02,-3.0319950e-02,6.0933555e-02,9.8468023e-02,1.1688480e-01,-8.2545883e-02,5.9555884e-02,-4.7302685e-02,5.9998043e-02,-3.2167153e-02,-6.7336836e-02,1.1051490e-01,1.7642076e-02,-1.1759204e-01,7.3236876e-02,-9.9610332e-02,-9.2321656e-04,3.3449640e-02
8.5202213e-02,7.2715465e-02,-6.0930609e-02,1.2923908e-01,-1.7423970e-02,1.1910527e-01,1.1458544e-01,-7.5308162e-02,1.1235187e-02,7.2327618e-02,-5.9573896e-02,6.7175387e-02,3.5308422e-03,1.1905749e-01,3.6625661e-02,4.3123799e-02,2.1801671e-02,-9.4882668e-02,-1.5639818e-02,1.6363315e-02,-1.0149458e-01,1.2760319e-01,-3.7107253e-02,7.1687290e-02,-3.7470937e-02,1.4279946e-01,9.7779759e-02,8.3732150e-02,1.0324448e-02,3.1381184e-02,1.1664354e-01,2.4507778e-02,2.7741933e-02,-1.1828556e-02,6.4192615e-02,7.2847399e-02,6.0663171e-02,3.2407556e-02,7.3751926e-02,-4.2722410e-02,-1.0665117e-01,7.2414216e-02,2.0807721e-02,-3.0678960e-02,-1.0979567e-01,4.8859347e-02,7.9100368e-02,-3.8796991e-02,-8.5422645e-02,-6.6954126e-02,1.0916162e-01,-8.6301365e-02,-3.3473394e-02,1.1042898e-01,1.0421463e-01,-6.3839167e-02,2.2129114e-02,9.7150842e-02,-2.5516018e-02,-8.1324685e-02
1.2289146e-01,9.6676499e-02,-3.1867512e-02,-7.5714620e-02,9.6585617e-02,-3.4485945e-02,3.8647425e-02,-1.0370488e-01,9.7602626e-02,-7.6668843e-02,-7.0095694e-02,-1.0711266e-01,7.5897297e-02,-8.6909010e-02,-1.2300395e-01,1.2262847e-01,-8.7817642e-02,-1.2269400e-01,8.2406539e-02,-2.0153143e-02,7.1541308e-02,-8.2004674e-02,-5.5993310e-02,4.2502414e-03,-9.0076492e-03,4.2574638e-02,-1.2442292e-01,2.1067506e-02,1.2868455e-01,5.4606708e-02,-1.2826704e-01,4.6013481e-02,1.8809922e-02,7.7272318e-02,1.5981811e-02,-4.8875508e-03,-6.4493150e-02,9.2292611e-02,-9.9536653e-02,5.9075089e-02,9.5304576e-02,3.1040439e-02,5.5649837e-02,-9.2052785e-03,-1.2230760e-01,-2.4457886e-02,4.5982352e-02,-1.1062736e-01,-1.0155180e-01,9.2022637e-02,-5.3781564e-02,-5.3411512e-02,-6.1673259e-02,1.2627681e-01,-9.9511753e-02,4.3404883e-02,3.9483626e-02,-4.0708205e-02,-1.1833889e-01,-7.9123923e-02
8.8478160e-02,7.9641428e-02,-1.2970765e-01,-6.5543379e-02,-6.7483004e-03,-9.6585704e-02,-1.2965712e-02,-2.2717776e-02,1.2726079e-01,-9.1150216e-02,9.5125444e-02,1.6305229e-02,-2.7271127e-02,-1.1052934e-01,-5.7968260e-02,-4.7605872e-02,4.5058322e-02,8.5416869e-02,-8.8731376e-02,-8.6458300e-02,-3.0593831e-02,-1.2553083e-01,-8.0637851e-02,1.9679712e-02,-1.1929605e-01,1.2274943e-01,-8.1511558e-02,-5.4462224e-02,7.1753143e-02,3.7134815e-02,-2.6833246e-02,-4.2841008e-02,-6.4315409e-02,2.4746330e-02,1.1046960e-01,8.7292199e-02,-6.3624398e-02,8.2468841e-02,8.3554712e-02,-1.0310757e-01,-3.1284696e-02,9.2682218e-02,7.6499591e-02,-6.8953409e-02,5.1481299e-02,5.5596394e-02,-9.1134007e-02,-1.2254978e-01,-2.6516736e-03,-9.5318016e-03,-4.9835911e-02,7.0440334e-02,-6.1637398e-04,1.9668627e-02,3.5695848e-02,3.3313170e-02,4.0329490e-02,1.3230542e-02,-8.6193564e-02,-1.2347950e-01
-5.1784011e-03,-9.3150759e-02,-3.3879322e-02,-5.6865046e-02,-6.9881892e-02,1.0715590e-01,6.2476636e-02,1.0025199e-01,-3.9552429e-02,1.1016298e-01,1.5553420e-02,1.0319733e-02,-5.1088348e-02,-8.6924124e-02,-4.0284128e-03,1.5772076e-02,7.3885072e-02,8.4747285e-02,-3.3717550e-02,4.4828660e-02,1.1276784e-01,1.3278973e-01,-1.8464123e-02,8.4704488e-02,1.3354935e-01,-5.5472599e-03,1.4824913e-01,3.3668020e-02,9.6838251e-02,8.2081571e-02,-3.0373271e-03,7.5367745e-03,2.1762362e-03,1.2597474e-01,-1.1743449e-01,-5.1577894e-02,9.3802795e-02,-4.9130238e-02,1.4454305e-01,6.0778980e-02,-3.6190638e-02,-8.4616630e-03,1.1527380e-01,-3.7182191e-02,5.8174960e-02,1.5260870e-03,9.6834706e-02,3.0880490e-02,-2.3332143e-03,1.3363157e-01,-1.7517890e-02,-1.0261805e-01,5.3622958e-02,-1.0115998e-01,1.4757502e-02,-5.9008493e-02,-8.6928326e-02,-2.9271884e-02,-6.3425327e-02,8.2896678e-02
-4.7137510e-02,7.1983205e-02,-1.6493772e-02,5.7729461e-02,-1.1370775e-01,7.0959874e-02,-1.1358941e-01,1.1409995e-02,5.8221513e-02,-7.4899858e-02,-7.6044889e-02,-4.4799830e-02,8.4680020e-02,-1.1940124e-01,9.2878819e-02,7.6655248e-02,2.9785050e-02,3.2901551e-02,-7.5645883e-02,-2.2998408e-02,6.1282478e-03,-2.6261135e-02,-1.2330913e-01,2.6096714e-02,-7.3178751e-02,-1.5440205e-02,1.0385887e-02,-7.2407224e-02,8.3239999e-02,8.9971260e-02,3.4338454e-02,-3.8278292e-02,-4.5093268e-02,-4.3342530e-03,1.2009538e-01,-1.2883830e-01,6.6219327e-02,3.2052594e-03,-7.7839032e-02,-7.1985737e-03,1.2215920e-01,-2.3369404e-02,-7.5549292e-02,-6.4985623e-02,-2.5661916e-02,5.2867417e-02,1.2694037e-01,3.1103085e-02,-6.8952098e-02,3.8231127e-02,-5.2003040e-02,5.2483244e-02,1.7913627e-02,-6.9214347e-03,8.0533436e-02,1.0246431e-01,1.1338747e-01,7.4502140e-02,3.1736984e-02,-6.7866011e-02
-7.1371036e-02,1.8647570e-02,-5.5773181e-02,9.4579945e-02,-4.8491116e-02,1.5562407e-02,1.0083105e-01,-1.8144714e-02,4.9423471e-02,1.5280595e-03,6.4687688e-02,3.8105926e-02,-2.6593250e-02,2.8343856e-02,3.1461095e-02,2.0264008e-02,1.2552580e-01,5.1310278e-02,6.4893539e-02,-5.9453204e-02,-1.2435123e-01,4.8032014e-02,-3.9516276e-02,-9.4004466e-02,3.7986063e-02,-4.4912264e-02,7.9696593e-02,8.3098750e-02,-1.2616132e-01,-2.8832806e-02,9.0361533e-02,-8.2485975e-02,-3.4932560e-02,-8.9380097e-02,2.1216360e-02,7.3582122e-02,4.6135743e-02,-1.5741230e-01,-1.3123403e-01,-5.8682334e-02,6.0307903e-02,-4.9171763e-02,-7.0261063e-02,-6.2963865e-03,6.6629928e-02,-8.0707028e-02,2.5268443e-02,-8.1726204e-02,-2.5375942e-02,-9.1249676e-02,-1.2765152e-01,1.2646101e-02,-1.3279208e-01,9.8914544e-02,5.6461351e-02,-1.1799835e-01,7.0991362e-02,-1.4388948e-01,1.1810531e-01,1.1315871e-01
-1.0433834e-01,6.6994679e-02,5.2812995e-02,5.8229608e-02,-7.6341092e-02,5.7685021e-02,3.8433985e-03,8.7072808e-02,-2.8713431e-02,7.3815603e-02,-1.1869563e-02,4.9117167e-02,-5.9152842e-02,1.8588694e-03,8.9587407e-02,-1.1311079e-01,4.8965203e-02,1.4766271e-02,9.7851391e-02,-1.1767006e-01,2.6820838e-02,9.2579830e-03,-1.4226673e-01,9.2335186e-02,-1.1853674e-01,-5.1280777e-02,-9.9158583e-02,-8.1743604e-02,7.9204439e-02,3.4089978e-02,8.1485459e-02,1.4983910e-01,-5.9152520e-02,8.2688268e-02,8.7726933e-02,-6.9305167e-02,-9.2174098e-03,2.0723114e-02,-1.1817386e-01,7.6051211e-02,4.4768452e-02,1.3427343e-01,9.8459789e-02,6.2261498e-02,-1.2236623e-01,-6.8423453e-02,7.1255823e-02,-9.9009828e-02,-8.0979243e-02,-1.1420801e-01,-1.3731714e-01,9.6220279e-02,-2.6071644e-02,4.4242082e-02,-2.7509809e-03,-5.6679533e-02,4.3173010e-03,1.1534168e-01,-9.8329126e-02,2.1397939e-02
2.9141389e-03,5.1621155e-02,6.2141132e-02,-3.5452939e-02,-5.1459210e-02,-6.7027816e-02,2.0631941e-02,6.8925966e-02,1.1291074e-01,2.7750289e-02,-7.2936809e-02,5.8020810e-02,-7.8204095e-02,-1.0344563e-02,-1.2196455e-01,6.4834847e-02,1.0141131e-01,9.1591994e-02,-4.3527302e-02,1.9920372e-02,7.5390592e-02,9.9131110e-03,4.9581288e-02,6.1829684e-02,3.9242923e-02,8.8572624e-02,2.1004082e-02,-4.9937520e-02,2.2957230e-03,9.2954784e-02,-1.2935273e-01,7.2843005e-02,5.5820087e-02,-1.0664746e-01,5.3737736e-02,-6.9074126e-02,5.3265212e-02,7.6431794e-02,-7.0720213e-02,8.4979453e-02,-1.0267400e-01,1.1085963e-01,-1.4373753e-02,7.5922730e-02,9.1632020e-02,-1.0189597e-01,-8.1515990e-04,8.3762563e-03,-8.1120756e-02,7.3356336e-02,6.2188333e-02,2.2299550e-02,-2.3086350e-02,1.0095482e-01,-2.2544219e-03,2.3504323e-02,1.5118683e-02,1.1816988e-01,1.8992241e-02,3.9629615e-02
-4.5531426e-02,-2.1569922e-02,-2.7771622e-02,3.9518714e-02,-1.2209123e-01,-1.2728872e-01,2.8626164e-02,2.1076937e-02,-7.8004490e-02,-5.4593222e-02,-5.4379890e-02,-4.8906082e-02,8.1076825e-02,-4.3313187e-02,-1.1160751e-01,-1.0429707e-02,1.0634522e-01,-1.1382869e-01,-1.9594237e-02,-2.7174221e-03,-9.8095228e-03,1.1026339e-01,-4.6184453e-02,5.9141807e-02,-1.2642601e-01,9.1026821e-02,-7.3362973e-02,-1.1062813e-01,7.9579092e-03,3.7614078e-02,4.1698859e-02,6.7962596e-02,-4.6386162e-02,7.1974653e-02,-8.6376989e-02,-3.2811072e-02,-8.7882381e-03,-8.9700850e-03,2.2773264e-02,-1.1826962e-02,-8.1002978e-02,-9.9422888e-02,4.2057417e-02,6.1178031e-02,-8.9495392e-02,-7.7553610e-02,7.5798753e-02,-2.2698159e-02,-1.0785490e-01,3.2933300e-03,2.8054172e-02,-7.5436618e-02,-2.6320720e-02,-6.9492346e-02,-8.2482741e-02,6.2627927e-02,-7.4495555e-02,-1.0466086e-01,-3.2362708e-03,2.5918151e-02
-1.9483198e-02,-9.1144492e-02,-2.2069464e-02,-7.3968104e-02,-1.9741123e-02,-6.6101614e-02,-8.7716032e-02,-1.2306237e-01,3.9142779e-02,4.8596255e-02,1.1606159e-01,8.9068803e-02,2.4754405e-02,8.6959274e-02,8.0039093e-02,6.6574377e-02,1.1073913e-01,3.1226570e-02,1.4687625e-01,-6.6758601e-02,9.7081166e-02,5.7260778e-02,-8.5954163e-02,9.5736352e-02,6.1711917e-04,1.7035219e-01,1.2146641e-01,-3.9500171e-02,5.5803268e-02,1.2236926e-03,-7.3785743e-02,-4.2238105e-02,-9.2643927e-02,-8.3664169e-02,6.2088337e-02,2.8113495e-02,-1.1496072e-01,-8.0941995e-02,-3.2552515e-02,6.0282841e-03,-8.5997503e-03,7.9450649e-02,-4.5757285e-02,4.1852933e-02,-1.2453609e-01,1.9932190e-03,-3.2435996e-02,4.7149967e-02,-9.2760204e-02,1.0335781e-01,1.3692984e-01,9.2832363e-02,1.4766042e-02,8.6757309e-02,1.3598690e-01,2.8922903e-02,-1.4627439e-02,-1.2084010e-01,6.7316150e-02,6.5568099e-02
5.0757343e-02,5.1349098e-02,-2.4902118e-02,-5.5317611e-02,-7.4371674e-02,-6.3583659e-03,2.5627269e-02,-6.2101854e-02,-1.1894884e-01,-7.7799913e-02,-2.2826441e-03,-5.9087662e-02,8.6287667e-02,-1.2296362e-01,4.7224372e-02,2.2176197e-02,2.7264687e-03,-8.2980230e-02,-3.9182561e-03,-1.2470503e-01,-1.1958414e-01,1.2026366e-01,5.7857114e-02,-4.6962756e-03,-3.3986991e-02,-5.2858177e-02,5.3237281e-02,-6.2535046e-02,-4.7040182e-02,-3.4227489e-02,-1.9365893e-02,-5.5660250e-02,5.7272399e-02,1.0257620e-01,-8.5701626e-02,-1.4578714e-02,8.4628682e-02,1.1061609e-02,-1.0739593e-01,5.8666973e-02,-5.4727395e-03,-1.5025966e-02,-3.3336040e-02,8.4162390e-02,-2.8932739e-02,-5.9950887e-02,1.4059476e-03,1.2700002e-01,5.4878659e-02,4.0854630e-02,-8.9391365e-02,3.2009693e-02,4.1132462e-02,-9.5559795e-02,6.6780927e-03,1.0965264e-01,-5.4513872e-02,2.4877787e-02,6.3744624e-02,-1.1340206e-01
-5.3099774e-03,-3.2851158e-02,-1.6712695e-02,8.1571993e-02,-4.6027848e-02,-1.2254241e-01,1.0846009e-01,9.1159615e-02,-4.7102548e-04,2.1413272e-02,9.6767894e-02,2.0111474e-02,-2.3121915e-02,6.7939869e-02,-1.2909122e-02,-1.1399889e-01,-2.1522648e-03,1.4943335e-01,3.2550967e-02,-5.4929284e-02,-1.2330932e-01,-1.1550482e-01,-1.2507759e-02,-6.7918858e-02,-9.6580690e-02,-8.4051335e-02,7.6122289e-02,-3.9063535e-02,-3.0533038e-02,-2.7155856e-02,4.4187773e-03,-7.9650034e-02,-8.9929400e-02,7.2511744e-02,-2.5032927e-02,5.5379697e-02,8.0082230e-02,-1.0646144e-02,-9.1642306e-02,5.2878587e-02,-3.8612841e-02,-1.1331375e-01,-2.1348348e-03,1.2147821e-01,3.7109898e-02,-7.7673570e-02,1.0744585e-01,3.8214196e-02,-6.6409236e-02,-1.2723049e-01,4.5477540e-02,2.6016465e-02,1.1049870e-01,5.3790532e-02,-6.5372364e-02,-1.2132494e-01,-8.2650830e-02,-1.3290730e-02,-1.0267652e-01,1.2201204e-01
7.4078720e-02,1.0153999e-01,1.8682630e-03,4.5032532e-02,-1.0364659e-01,-1.3510615e-01,1.2417447e-01,5.2480488e-02,1.6369630e-02,4.0036335e-02,-5.2239005e-02,-1.5303750e-02,-7.9628355e-02,5.4386743e-02,-8.9544920e-02,2.3359386e-02,-9.6210434e-02,-1.3261955e-01,-1.5861184e-01,-2.6256674e-02,-6.4342363e-02,7.1241245e-03,-8.3850851e-02,8.1075866e-02,7.1448130e-02,-3.7760869e-02,-1.0528174e-01,1.2801057e-01,-5.0421382e-02,-4.2551033e-02,5.0395656e-02,-8.9836758e-02,1.3278648e-01,9.2507209e-02,-9.6099815e-02,3.0627312e-02,7.8744959e-02,4.7700820e-02,7.5534002e-02,4.4248943e-02,3.9010383e-02,1.1147214e-01,1.0452695e-01,6.5507707e-02,4.2002700e-02,1.0801324e-01,3.1981631e-02,4.4294300e-02,6.8247098e-02,-5.0620001e-02,1.8965830e-02,-2.2681266e-02,-7.3641744e-02,1.1027175e-01,-9.3532938e-02,5.9685753e-02,-9.7785544e-03,1.2471673e-01,3.5723691e-02,1.1297642e-01
-1.0523088e-01,-3.1105569e-03,-8.9578300e-02,1.0818289e-01,4.5502883e-02,2.6032922e-02,1.0430883e-02,5.3660290e-03,1.2841846e-01,4.5993090e-02,5.5913785e-02,6.5633925e-02,-2.4095512e-02,-7.6853229e-02,-1.1065642e-01,1.0867988e-01,-6.1579252e-02,9.6893624e-02,1.2801885e-01,3.3058942e-02,4.9324366e-02,8.3720837e-02,-1.5497253e-02,-1.1184617e-01,-2.0631559e-02,-8.5270269e-02,-8.0616120e-02,-3.8721840e-02,4.2455758e-02,1.2842624e-01,-7.4570123e-02,-2.7582212e-02,-1.3807535e-01,-6.1033937e-03,-1.2010883e-01,-4.9984929e-02,6.9893546e-02,-6.6546350e-02,3.8728314e-02,1.1732663e-01,-5.4113387e-02,-4.9317910e-02,1.3495537e-01,-1.1140478e-01,4.5713615e-02,2.6171515e-02,-1.1778910e-01,-6.2825996e-03,1.1730505e-01,-5.6629536e-02,5.8158573e-02,-5.4727355e-02,5.0831643e-02,3.8142209e-02,7.3896959e-02,1.1557315e-01,-2.7041743e-02,8.2196916e-02,4.7377163e-02,-3.6248070e-02
1.0198143e-01,-4.8207099e-02,-2.2962811e-02,7.3846605e-02,4.4789285e-02,9.5440608e-02,-9.8766324e-03,-3.4495332e-02,1.1183770e-01,5.5615053e-02,4.3597883e-04,1.1129216e-01,-4.7296006e-02,-1.6288947e-02,2.8257276e-02,9.3829085e-02,1.5206606e-01,-5.0330789e-02,7.3868268e-02,8.4879213e-02,2.8750594e-03,1.2818807e-01,-1.7108964e-02,-7.4921466e-02,1.1035518e-01,1.0033288e-01,4.5255672e-02,-4.2817627e-02,-8.4158785e-02,4.7690132e-02,1.6915867e-01,8.6864522e-03,-1.2363991e-01,5.1356739e-02,7.5712176e-02,5.3071055e-02,-8.2174795e-02,8.2198020e-02,1.9594140e-02,2.2757551e-02,-7.0251504e-02,-8.2172485e-02,-4.7359926e-02,2.2605268e-02,-7.3217019e-02,1.4453695e-01,2.2042247e-02,6.4791102e-02,-1.2614840e-01,-5.2733915e-02,-2.0786560e-02,9.3876873e-03,3.3919175e-02,1.6679173e-02,8.6303556e-02,8.2335790e-02,1.1073174e-01,1.2894263e-01,2.1591545e-02,-7.1937578e-02
6.9001974e-02,1.0734066e-01,1.2196421e-02,-8.8183185e-02,1.2056534e-02,-1.0065681e-01,-1.0772946e-01,-1.0019812e-01,-1.1194897e-01,-6.6143723e-02,-1.1583739e-01,-1.0061700e-02,-7.4813206e-02,1.1496475e-01,6.6118492e-02,3.8806437e-02,6.3992849e-02,3.9413271e-02,1.5641468e-01,7.2509646e-02,6.2165897e-02,-4.4717894e-02,-9.0907751e-02,-2.6120042e-02,-8.9648423e-02,1.5593757e-01,-3.9807966e-02,8.6766528e-02,2.7535063e-02,2.3054730e-02,1.1149532e-01,-1.4216030e-01,-5.8319906e-02,1.1118668e-01,-3.8168296e-02,2.2992184e-02,-1.0158081e-01,7.8882420e-02,3.6648109e-02,5.2690932e-02,-5.8788153e-02,-8.5119426e-02,8.6286129e-02,8.5360101e-02,1.0136404e-01,8.4304169e-02,-2.6174671e-02,-3.4596819e-02,-1.0990377e-01,-3.5673051e-02,5.9514081e-03,-1.2860163e-01,-1.2677602e-01,1.3482198e-03,1.6401306e-01,1.0353440e-03,2.4666010e-02,9.0548532e-02,-1.0951407e-01,-9.6492296e-03
-3.2595635e-02,-1.1271849e-01,-3.6545801e-02,3.1952370e-02,1.1637433e-01,1.1497776e-01,-4.6792925e-02,1.0502309e-01,1.1052653e-01,-1.3436808e-03,4.2096674e-02,-7.3492713e-02,1.2553677e-01,2.0449117e-02,-3.8003314e-02,1.0890858e-01,1.1311083e-01,-1.1053445e-02,-1.1673128e-02,4.9643002e-02,-3.4128369e-02,-6.8300304e-03,9.3926767e-02,-3.4965827e-02,-2.2367882e-02,1.2580857e-01,-6.1476624e-02,-9.3374415e-02,-1.2574181e-01,-1.0728972e-01,4.6429013e-03,-3.0870811e-02,1.8943149e-02,-7.9393667e-02,-1.1993832e-01,-4.7426140e-03,-3.2004889e-02,-1.1645500e-01,7.1406741e-03,3.2246496e-03,-1.2708727e-02,-3.9834311e-02,-1.6444348e-03,-1.1041415e-01,-7.0117243e-02,-1.0278706e-01,-1.7317435e-02,-9.2369692e-02,1.1134833e-01,-8.2245175e-02,1.7011256e-02,1.2819932e-01,4.5502758e-02,4.6843005e-02,-1.0782963e-01,-8.8427525e-02,-7.3059405e-02,7.6122690e-02,3.3489074e-02,4.7391879e-02
-6.9098510e-02,3.9069907e-02,-6.7827441e-02,-6.4325513e-02,-4.2416616e-02,-7.2371026e-02,8.7445520e-02,6.9905612e-02,-5.7113288e-02,-2.2809829e-02,-4.9092250e-02,3.5820838e-03,6.4503855e-02,-1.0648853e-01,-8.2963498e-02,4.4802806e-02,1.0647004e-01,-5.0964985e-02,-4.4484883e-02,-1.1397397e-01,6.8423365e-03,-8.1084036e-02,7.8836082e-03,3.4251413e-02,-4.8439351e-02,8.5126039e-02,4.3240097e-03,6.1466314e-02,-3.3516860e-02,-8.6480161e-02,-1.0017110e-01,-4.8209576e-02,-7.1206881e-02,1.2236197e-01,9.9258307e-03,-4.2704706e-03,-2.8060592e-02,1.1005160e-01,1.1322109e-01,-4.3588230e-02,3.4978882e-02,2.9985793e-03,-3.6829368e-02,-1.2336499e-01,1.0428371e-01,-1.2174164e-01,1.7897314e-02,2.8905470e-02,4.6457122e-02,5.6608066e-02,9.8196333e-02,1.2336244e-01,4.9190684e-02,-3.6558488e-02,-5.5794790e-02,3.3083723e-02,-5.4435441e-03,4.9238131e-02,-1.0971751e-01,-5.5159354e-02
-2.3901144e-02,-1.9139982e-02,7.0655662e-02,-1.2213201e-01,-6.0275488e-03,-6.1451726e-02,3.8417306e-02,-1.0477047e-01,-4.6501710e-02,-1.1066663e-01,2.3665592e-02,-5.0335221e-02,-1.1095474e-01,-1.6823828e-02,-7.4220396e-02,2.3955403e-02,3.3184652e-02,4.3018783e-02,7.3099817e-02,3.3853406e-02,-3.3493925e-02,5.1532682e-02,3.3740224e-02,9.4830245e-02,-8.8287359e-02,-1.3599315e-01,4.3874090e-02,-9.4891623e-02,9.4128977e-02,1.2405684e-01,1.1473346e-01,-1.3416801e-02,8.0225249e-02,-7.2224684e-02,5.1148858e-02,-1.5471328e-02,9.6427536e-02,-7.2802099e-02,6.3514644e-02,1.1876353e-02,2.0170392e-02,2.9006241e-02,-1.1913544e-01,9.8933810e-03,-1.1661192e-01,-9.8282002e-02,-6.0653402e-02,1.0366662e-01,3.5200715e-02,8.6213940e-02,1.2399642e-03,4.2901170e-02,1.1216499e-01,8.0828513e-02,-1.2400835e-01,-1.0823045e-02,6.9711203e-02,1.8201001e-02,4.0516719e-02,-3.7873029e-02
-5.7130855e-02,9.1579857e-02,9.5363048e-02,7.3016847e-02,-5.6514444e-02,7.9769962e-02,-2.1129265e-02,1.4200200e-03,8.1641858e-02,-5.9831548e-02,-4.8794356e-02,3.2207386e-03,-1.2398291e-01,-3.2134597e-02,-1.2307671e-01,-2.6276688e-03,3.2600561e-02,-5.5004622e-02,-2.8586546e-02,-7.3275578e-02,-7.0175300e-03,1.3921047e-01,-3.4552329e-02,5.2077731e-02,2.4002975e-02,7.3707320e-02,-7.4786211e-02,-1.0238704e-01,2.4138957e-02,-9.6200134e-02,-7.6762622e-02,-1.5456692e-02,-1.1441363e-01,-1.0082060e-01,4.7963665e-02,1.3164136e-01,7.3135465e-02,4.3497173e-02,1.2978396e-01,7.5543418e-02,9.1473222e-02,1.0133753e-01,-5.5865551e-02,1.0866787e-01,-8.3582084e-02,5.6304979e-02,-8.2557810e-03,5.3452372e-02,6.6662924e-02,1.4017511e-01,5.1966292e-02,-6.8103596e-02,-1.3508834e-01,7.9885502e-02,5.6660307e-02,7.4027609e-03,-7.0505721e-02,1.1557575e-01,3.1240482e-02,-1.3831257e-02
9.8994025e-02,5.7294825e-04,4.0436528e-02,-5.7907871e-02,-2.1808937e-02,1.1503348e-01,5.6387576e-02,-5.6913261e-03,3.7208333e-02,5.3030594e-02,1.0181870e-02,1.9229303e-02,-1.0384457e-01,-1.2703206e-01,1.5876738e-02,8.2999577e-02,-6.2377514e-02,1.1528320e-01,1.0807075e-01,-1.3631177e-01,7.1039652e-02,-1.2997878e-02,5.4790175e-02,-8.8323506e-02,-3.6646703e-02,-4.4356597e-02,6.6042759e-02,-6.1848296e-02,-1.3055396e-01,-6.1291712e-02,5.6776447e-02,5.9915982e-02,7.8256317e-02,-9.1447964e-02,-5.5938545e-02,3.2720181e-03,8.4752929e-02,1.2564436e-01,-3.1104317e-02,8.6328028e-02,-8.9154989e-02,5.9109905e-02,-1.3955216e-01,-1.1930602e-01,9.5724596e-04,2.9636063e-02,-1.0496429e-01,1.6866529e-02,9.6606617e-02,1.0305634e-01,-9.6286705e-02,-4.1656676e-02,4.3188965e-02,1.0427187e-01,2.9647076e-02,-1.2197150e-01,-1.3765703e-01,3.1237231e-02,-8.2651087e-02,-9.1797218e-02
7.1900783e-02,2.9593333e-04,5.7694312e-02,4.9116125e-02,-1.2752232e-02,1.0518995e-02,-2.1584654e-02,-5.9107765e-02,6.2953695e-02,-4.9825214e-02,1.2398493e-01,-9.5483349e-02,-4.7154004e-02,-1.2087756e-01,-3.1906014e-02,7.0540786e-02,-1.2873908e-01,3.9899483e-02,-1.0557578e-01,9.2260081e-02,1.3269603e-02,-7.1212564e-03,7.1778244e-02,-6.9641228e-02,-9.9210317e-02,1.0066873e-01,-1.4933843e-04,-1.0969087e-01,-1.2586836e-01,1.8943292e-02,-9.0759795e-02,6.4807119e-02,4.2802655e-02,-7.3570609e-02,4.1179795e-02,1.2249688e-01,-1.0168386e-01,1.1229471e-02,-2.2816553e-02,-5.0649528e-02,-1.1888863e-01,8.3588312e-02,6.1109129e-02,-8.4428383e-03,-1.3097540e-01,-7.9759430e-02,-6.8509714e-02,-1.3066157e-01,-8.4744198e-02,1.0815670e-01,4.7339682e-02,-1.4588546e-02,-9.6269147e-02,4.0772189e-04,8.4145276e-02,-7.2455284e-02,-4.3780661e-02,4.8609710e-02,-1.2967347e-01,3.7935532e-02
-7.2264483e-02,-2.9300513e-03,6.2350021e-02,-1.6290761e-02,-3.7050134e-02,-1.0391038e-01,-4.4755086e-02,3.7265457e-03,-8.8886436e-02,9.0363075e-02,-1.0335206e-01,3.8778241e-03,9.2824277e-02,-6.9819113e-02,-6.5756236e-03,6.4479684e-02,-8.2238973e-02,-4.1798456e-02,-4.4948114e-02,-7.2708861e-04,-1.0035239e-01,-7.0029778e-03,-1.4691687e-02,-8.2406993e-02,9.3757424e-02,9.9720281e-02,3.7521719e-02,-7.2153012e-02,1.1670375e-01,1.1286090e-01,8.0528367e-03,-8.8449296e-02,6.9885329e-02,4.7455126e-02,7.5151282e-02,1.1486318e-01,5.5189369e-02,1.4389048e-01,2.1051890e-02,1.0397088e-01,-1.6664237e-02,1.0084076e-01,7.4507145e-02,1.0746999e-02,-1.1903941e-01,-4.5316850e-02,-4.3263757e-02,1.7705313e-02,1.1338902e-01,-7.9189692e-03,8.9125047e-02,-8.5594890e-03,-7.7779833e-02,-1.3176960e-01,-6.7004583e-03,9.5985706e-03,1.9195725e-02,6.8479201e-02,-5.6840533e-02,1.1738605e-01
-7.6628939e-02,-1.0427100e-01,5.1585828e-02,-5.7827278e-02,3.6420650e-03,-8.3436506e-02,-3.7443066e-03,9.4895782e-02,6.4381045e-02,6.4194913e-02,-1.2852377e-01,1.7410979e-02,1.0880298e-01,-3.8973946e-02,3.6241280e-02,5.3104248e-02,5.5954553e-02,1.2135966e-01,-4.4764043e-02,-5.8358704e-02,-1.0674626e-01,-8.8604991e-02,-1.2757096e-01,1.2112246e-01,-7.8857296e-02,-7.1362713e-02,-2.1430897e-02,6.7849864e-02,7.7545949e-02,-1.2831052e-01,-1.4685792e-02,-2.6771619e-02,7.0661240e-02,-1.0009545e-01,1.1447253e-01,1.1035995e-01,1.2252132e-01,3.0047121e-02,9.7185527e-02,-1.2004497e-02,7.7361231e-02,1.1631219e-01,5.9427528e-02,-1.7383064e-02,-6.5321474e-02,1.7870477e-02,-9.0302346e-02,-5.3668748e-02,-5.6263308e-02,3.9034684e-02,7.6723594e-02,7.8887206e-03,-4.1101027e-02,-2.1378358e-02,1.6671256e-01,2.7386303e-02,2.4818922e-03,9.9479271e-02,-6.2779871e-03,-1.0632361e-01
-2.4338550e-02,-1.1859848e-01,3.9038894e-03,5.6899951e-02,-9.0255116e-02,-1.0172030e-01,-6.3254576e-02,6.8800509e-02,7.9787488e-02,-1.0938595e-01,-7.7212418e-02,5.0243558e-02,-1.8416215e-02,5.2095379e-02,-1.2816438e-02,6.8322819e-02,1.5334273e-02,3.4708102e-02,-9.5706338e-02,1.1323207e-01,2.1930123e-02,-1.1205465e-01,1.1409434e-01,4.4367234e-02,-1.1832511e-02,1.0461416e-01,-7.2245633e-02,-4.4871616e-02,-2.2866314e-02,1.1611966e-01,-2.4139268e-03,-9.7123342e-02,-1.1654172e-01,7.6871095e-02,8.2381335e-02,-8.8793177e-02,1.2572779e-01,-8.1409835e-02,-4.2361178e-02,-5.9142952e-02,1.1362663e-02,-8.0403664e-02,1.1988359e-01,2.0507776e-02,-6.7674974e-02,3.5702285e-03,4.1428970e-02,-1.1282057e-01,8.1172806e-02,-3.5368011e-02,-1.0963465e-01,9.0518248e-02,-4.4320521e-02,-6.1182537e-02,1.0735166e-01,1.8448233e-02,-7.2436852e-02,-3.2240653e-02,-2.7057864e-02,-3.7078061e-02
1.1841558e-01,1.1749519e-01,5.0893595e-02,9.7444499e-02,-1.9551711e-02,7.0771414e-02,-5.0550817e-02,-7.2095308e-02,8.5111799e-02,1.1950249e-01,-1.2453487e-01,-8.6768762e-02,1.1821815e-02,4.0042477e-02,-6.3325846e-02,3.8465737e-02,8.0796702e-02,6.4977337e-02,2.1458962e-02,-5.0764664e-02,-1.1895681e-01,-2.6463743e-02,4.9815694e-02,-1.9333469e-03,-6.4145988e-02,-5.0091017e-02,1.6773469e-02,1.0420685e-01,6.6625147e-02,1.8155633e-02,1.5136076e-01,-1.3035528e-01,-2.2120565e-02,1.2624850e-01,-1.1019433e-01,-1.0257303e-01,1.3864001e-01,-1.3767668e-01,1.4476162e-01,1.3487826e-01,9.1893333e-02,7.8005139e-02,-2.3778761e-02,8.4366152e-02,-2.8256078e-02,8.7593475e-02,-4.5457541e-02,-2.5815242e-02,8.6799666e-02,-7.0660857e-02,4.4555503e-02,-1.0783666e-02,3.5963765e-03,-1.9212127e-02,-3.2584976e-02,-1.1461666e-01,-7.8039077e-02,-1.3121850e-01,6.0435130e-02,2.5825427e-02
-7.0407084e-02,8.5073597e-02,4.6382089e-02,-1.1704024e-01,-5.4399186e-02,-4.3921603e-02,-1.9385767e-02,1.1751656e-02,9.0776754e-02,-5.7069561e-02,1.2873946e-01,1.0437054e-01,-3.4107145e-02,-5.8752409e-02,-9.7611198e-02,-1.0839775e-02,9.7766841e-02,7.2716989e-03,-1.1533054e-01,1.2132808e-01,1.1348689e-02,8.5315371e-03,1.4871012e-02,-1.6924826e-02,-1.0242785e-01,2.1924814e-02,-6.7959355e-02,4.1771767e-02,6.7837516e-02,-1.7814388e-02,-4.8517348e-02,7.9049900e-02,-7.1633130e-02,-1.0452964e-01,-1.0429031e-01,-6.5339642e-02,6.7531049e-02,-3.4624098e-02,-4.6980832e-02,1.0612380e-01,-4.3508729e-02,-2.1288059e-02,8.8869270e-02,7.6035669e-02,1.0937242e-01,7.0898503e-03,-2.6395277e-02,1.2431080e-01,5.9698956e-02,-3.6579965e-02,8.7322143e-02,-7.8773804e-02,6.3361155e-02,-3.7307728e-02,1.4661401e-01,-2.7055479e-02,-2.9653295e-03,-4.0776143e-02,3.5696287e-02,6.2892797e-02

-7.8541868e-02,-9.8045475e-03,-1.3692735e-01,1.0362567e-01,-1.1060390e-01,-4.4938165e-02,-1.1453163e-01,-2.4415323e-02,1.6923884e-01,8.4627826e-02,6.3165000e-02,1.0029386e-01,-1.0627222e-01,4.2232005e-03,-5.4555738e-02,5.2044414e-02,1.8152746e-02,4.8209594e-03,3.6734818e-02,-3.7485282e-02,-4.2436799e-02,-2.1352154e-02,3.3784636e-02,5.2052775e-02,-7.8072677e-03,-5.6598496e-02,6.6086253e-02,-8.7486685e-02,3.5454689e-02,9.7898357e-02,-1.0101039e-01,-9.9698643e-02,1.0217048e-01,-6.3153496e-02,4.4939501e-02,2.7417329e-02,8.4444388e-02,-1.0638622e-01,-5.6149713e-02,-6.8566529e-02,1.0673380e-01,-3.6680457e-02,1.0074470e-02,-2.6176594e-02,-7.1516464e-02,4.0238880e-02,5.6560132e-02,-2.9203848e-02,1.1337902e-02,1.3576664e-02

7.1312467e-02,2.6944601e-03,-8.2710892e-02,-9.2780405e-02,7.2621092e-02,6.5219723e-02,-2.0013639e-02,-6.0638770e-02,-1.1452116e-01,1.8712753e-01,7.7743248e-02,-1.4146621e-01,-3.5230011e-02,9.8286359e-02,-8.9151638e-02,-2.6799833e-02,7.3890434e-02,5.0338592e-02,9.3644686e-02,-1.9564210e-02,4.5264494e-02,1.2760136e-01,-6.1422159e-02,5.8020018e-02,-1.0282904e-01,3.7682759e-02,1.0513062e-01,-4.3483575e-02,-4.8386949e-03,-1.4167954e-01,9.5882547e-02,-5.9717718e-02,1.5608340e-01,-2.0043403e-02,-1.2125826e-01,-6.5560144e-03,-8.3587832e-02,6.7770248e-02,1.1881896e-01,-3.4740013e-02,-6.4461407e-02,-2.5557212e-02,1.5495274e-01,-2.4651906e-02,3.9322025e-02,4.5939207e-02,-7.8181313e-02,7.1576981e-02,2.6433529e-02,1.2952319e-01
-8.0259876e-02,-1.4754832e-01,4.8761095e-02,-1.4601867e-01,1.7876521e-02,4.8049676e-02,1.0303784e-01,1.2734166e-01,1.4425995e-01,-1.8041118e-01,1.2829563e-02,3.3010463e-02,-7.0586487e-02,-9.2541677e-02,4.7544335e-02,-1.8230595e-01,7.1921537e-02,6.1796306e-02,-1.7895239e-02,-2.5820076e-02,-1.3472017e-01,-7.0538338e-02,-1.7936087e-01,-8.2110490e-02,1.3991655e-01,-8.6937792e-02,-1.2136807e-01,-7.4183183e-02,-5.4181174e-02,1.7075474e-02,1.1363488e-01,6.0119985e-02,-1.3318782e-01,1.9621464e-02,-2.3040160e-02,6.3834305e-02,-1.1343821e-01,-1.1725716e-01,-2.8813761e-02,-1.1262829e-02,1.1622332e-01,-9.4211674e-02,-5.0486554e-02,1.2283672e-01,-7.3331995e-02,1.0593467e-01,-1.2732540e-01,1.1375279e-01,-4.8409174e-02,2.5892040e-02
-1.1300318e-01,-7.7128672e-02,-5.7010392e-02,7.1774768e-02,8.0879009e-02,9.9911974e-02,1.3110462e-04,2.6409931e-02,-1.2068625e-01,-1.1810449e-01,-1.7461330e-02,5.6207742e-02,-8.2370289e-02,-9.6162484e-02,4.5161090e-02,-1.2557746e-01,2.6925163e-02,1.2693497e-01,4.7020656e-02,-2.8491676e-02,-1.3350056e-01,5.0467184e-02,-8.0176125e-02,-1.1747305e-01,-6.3987453e-02,5.8802271e-02,4.3847020e-02,-1.0165079e-01,8.3313002e-02,-1.0191031e-01,-6.5491328e-02,3.5430115e-02,-1.0275900e-02,1.1996943e-01,7.9836435e-02,1.2846579e-02,-7.4728279e-02,-1.6514519e-01,-5.2325642e-02,7.2931515e-02,1.1668268e-01,-8.5986634e-02,-1.1783925e-01,-1.2659493e-01,-1.1361104e-01,-1.1725915e-01,-2.4525863e-02,4.2425896e-02,2.0432569e-02,9.8564174e-02

6.6307312e-02,-1.0997084e-01,1.0639449e-01

