4.7770118e-02,-1.9996589e-01,-7.1620220e-02,-1.9471682e-01,-1.8070393e-01,-8.7429692e-02,1.7930140e-01,3.5569984e-03,-1.1178185e-01,2.6206677e-03,2.6441262e-01
-1.7868967e-01,5.9052246e-02,-1.9178468e-01,5.4291042e-03,1.0008033e-01,-3.3253403e-02,2.7079658e-01,2.2218880e-01,5.9844195e-03,-6.8838283e-02,-6.7744512e-02
-1.8028274e-01,-8.8678317e-03,2.5662652e-01,7.7374275e-02,5.8756688e-02,-8.2612220e-02,-7.8784995e-02,7.6588811e-02,1.8214942e-01,-2.5056165e-02,1.3558352e-01
2.7195115e-01,2.0921793e-01,-1.3127478e-01,1.9308508e-01,4.3345077e-02,2.5030629e-01,2.5502567e-01,-1.8453976e-01,-2.8770663e-01,1.3404933e-01,-9.2829219e-02
-2.3797140e-01,1.0941220e-01,2.0047469e-02,8.4750586e-03,-1.4370155e-01,7.0160350e-02,4.3175008e-02,8.6424011e-02,1.6986283e-01,1.4822444e-01,1.5587211e-01
1.4014378e-01,-2.3718170e-01,-7.6383515e-02,-2.3974373e-01,5.6885534e-02,-1.8917705e-01,1.2692924e-01,2.4181307e-01,1.4357265e-02,6.2090917e-02,-1.9992867e-01
-6.0938894e-02,6.3468800e-02,2.1288984e-01,-2.4410481e-01,3.2856012e-01,4.2679963e-02,5.7684430e-02,8.4418782e-02,-1.6754758e-01,-1.4412967e-01,4.7375742e-02
1.5529085e-01,1.1450383e-01,1.0736820e-01,2.8669946e-01,-2.4531662e-01,-1.8345008e-01,-1.2321925e-01,-2.0972713e-02,2.1460402e-01,-2.1325060e-01,-2.3894235e-01
-2.3296193e-01,-2.1798566e-01,-6.5694303e-02,1.9932519e-01,1.5798617e-01,1.5191336e-01,1.1463386e-01,-2.8029968e-01,2.7598839e-01,-2.8179304e-01,-6.9349986e-03
-2.9842938e-01,5.3182787e-02,-1.9172465e-01,-1.5176548e-01,1.7429179e-02,-2.7765921e-01,-2.8962313e-01,-1.4152789e-01,2.5232161e-01,2.3239766e-01,-6.1196338e-03
-4.9325745e-02,-1.9612786e-01,1.4745113e-01,-1.2720826e-01,2.5246402e-01,2.7634664e-01,1.2461237e-01,-1.5213402e-01,-2.4431011e-01,-2.9168248e-01,-1.9473447e-01
-4.6543175e-02,2.7734930e-01,-2.2641571e-01,3.7917534e-02,-3.3899337e-01,2.4791106e-01,8.7518943e-02,-1.4870100e-01,1.8452510e-01,-6.2559504e-02,-1.3782900e-01
8.6361632e-02,1.6645513e-01,-1.7312683e-01,2.9744395e-01,1.8512867e-01,-1.1171355e-01,-1.0440086e-02,-9.8792983e-02,2.6513849e-01,2.9029405e-01,-6.2882837e-02
2.1875337e-02,2.1071141e-01,3.8585962e-02,-1.0005071e-01,-2.0102816e-01,1.3229705e-01,-2.5759284e-01,-4.4791975e-02,-2.5495964e-01,-2.0316582e-01,-1.3431386e-01
-1.7968643e-01,-2.7877048e-01,2.0988620e-01,-7.9022633e-02,-1.6469689e-02,1.2893706e-02,1.7490576e-01,1.6896139e-01,-2.3491955e-01,-1.2156537e-01,-2.1688664e-01
3.2384938e-01,8.2964421e-02,-2.5153156e-01,-1.2026581e-01,-4.9628348e-02,-1.9277338e-01,-2.5790664e-01,-6.8887221e-02,4.7219205e-02,-1.1624215e-01,2.1328044e-01
1.2392945e-01,8.5582800e-02,2.6836665e-01,-3.8719861e-01,-4.1391733e-02,1.7385685e-01,-1.3018478e-02,9.9041947e-02,1.5879213e-01,-4.9792483e-03,-1.1528650e-01
2.9009824e-01,2.4031991e-01,-2.1404449e-01,1.3533091e-01,3.5581873e-01,-2.6958947e-01,3.0953377e-02,2.4622436e-01,1.0411818e-01,-1.5731156e-01,-2.5467997e-01
-6.8783562e-02,5.8923469e-02,-1.3168002e-01,-4.8414581e-01,-2.1269108e-02,-1.2870352e-01,1.0560261e-01,-2.0668911e-01,1.5506427e-01,-7.3054464e-02,5.2242625e-02
-2.4043493e-01,-4.7262572e-02,-1.2937012e-01,9.3926139e-02,-1.1865269e-01,-2.2771108e-01,2.3528793e-01,2.3469410e-01,2.2107056e-01,-1.8841503e-01,-1.8548747e-01
1.4425332e-01,-5.3095108e-02,1.9524194e-01,-2.5086871e-01,-3.8733637e-02,-1.5359809e-01,1.1299826e-02,-1.5969301e-01,2.4417305e-01,2.5159193e-01,-1.5485341e-01
5.2308478e-03,-2.3645108e-01,-1.3035668e-01,2.6027032e-01,-6.3342183e-02,-1.2953471e-01,1.3111213e-01,-1.2461889e-01,-1.7495130e-01,-1.4650323e-01,1.2635213e-01
-1.6724763e-01,-2.7631598e-01,-3.5511925e-02,-1.2145291e-01,1.2863011e-01,1.5961793e-01,1.0526101e-01,5.6121401e-02,1.1436472e-01,-2.0779302e-01,-2.5880430e-01
6.4380025e-02,-2.1198158e-01,1.8505495e-01,-1.9396884e-01,-1.4919834e-01,2.7177350e-01,2.2463620e-01,1.5747780e-01,-9.8214701e-02,1.5397409e-01,2.2277691e-01
1.1749892e-01,-2.1548496e-01,1.3882892e-01,-1.0924339e-01,1.2725669e-01,-6.2022970e-02,-2.2906359e-01,1.5122341e-01,-2.3333572e-01,2.2543338e-01,6.6014340e-02
8.4222096e-03,2.3565582e-01,1.9520473e-01,2.9037904e-01,2.1525536e-01,1.1010961e-01,-2.6469365e-01,2.8159137e-02,-1.1746671e-01,-1.6684479e-01,2.4195567e-01
8.5528605e-02,1.4305807e-01,-2.8493644e-01,-2.2389573e-01,-3.8413231e-01,-2.5927240e-01,2.2638203e-01,2.9977954e-02,-2.1280554e-01,1.1781819e-01,3.7954123e-02
6.4492234e-03,2.5118204e-01,1.7121863e-01,-2.2969739e-01,1.9067582e-01,2.7690587e-01,2.1658432e-01,2.6581821e-01,-1.9832093e-01,1.1065463e-01,8.4046972e-02
-1.6585942e-01,-1.1869937e-02,1.4109004e-02,1.6590582e-02,6.2548302e-02,3.0303872e-01,-3.0044701e-01,1.1430282e-01,6.4481498e-02,3.0776731e-01,-6.9406796e-02
-2.2792278e-01,-1.0990987e-01,8.9481348e-02,-1.9767400e-02,-1.6049117e-01,-1.0889772e-01,-2.8846389e-01,6.9060351e-02,-1.8657594e-01,2.6165927e-01,2.6219567e-01
1.2035120e-03,-1.3691129e-02,-4.8154448e-02,-5.0110210e-01,-1.9239073e-01,-2.0942556e-01,5.3091309e-02,-1.5128086e-01,-2.8635462e-01,-8.7870873e-02,3.0687504e-01
-7.2747760e-02,-2.6436854e-01,2.8115459e-01,-3.2584726e-01,-2.4141101e-01,-1.3647754e-03,1.5758212e-01,-1.2545476e-01,-2.4473602e-01,1.8385256e-01,-2.8172180e-01
-8.9760091e-02,-1.9540592e-01,7.8972629e-02,-5.4702766e-02,-2.5363928e-01,1.5980345e-01,2.2791134e-01,-1.7049992e-01,1.0223351e-01,-1.7036518e-01,-2.4941391e-01
-3.2980060e-02,-2.9416605e-01,3.2887080e-01,1.7943129e-01,-5.7192921e-02,-1.4886782e-01,-2.5069930e-01,2.3832500e-02,-2.2008689e-01,-2.0868327e-01,-1.5025376e-01
6.1968878e-02,1.1683072e-01,6.1198945e-02,2.7711676e-01,1.9207195e-01,1.9671061e-01,-1.7234272e-01,-2.0940478e-01,-2.5246781e-01,-1.2939868e-02,-1.3619783e-02
-8.9095836e-02,-1.3991695e-01,-2.2232932e-01,-1.6253538e-01,-2.6655265e-01,-1.9340339e-01,6.4481177e-02,-9.1209062e-02,-1.5575552e-01,-2.5499454e-01,-7.8466972e-02
-1.9508140e-01,-5.3137649e-02,-2.3876768e-01,-1.0567269e-01,1.7394943e-01,-1.7405678e-01,-1.5642422e-02,1.3256888e-01,1.1086459e-02,8.4042389e-02,2.1150778e-01
1.4141983e-01,2.5460156e-01,-1.4657047e-01,-9.1596691e-02,1.7264639e-01,6.5168885e-02,9.7960328e-02,1.6351521e-01,-1.1729007e-01,-5.2110228e-02,-2.6046481e-01
-3.6631969e-02,-6.2809443e-02,5.0895914e-02,-1.1753613e-01,7.8879394e-02,-2.5180703e-01,3.0263007e-01,8.8681712e-02,-1.6309191e-01,7.9823644e-02,-2.3431692e-01
8.8712964e-02,-2.3457070e-01,-1.6301672e-01,3.6775110e-01,-2.1516800e-01,-2.5728536e-01,1.7052499e-01,2.4538501e-01,1.2895956e-01,2.1980842e-01,-4.5855489e-03
1.0222214e-01,4.7002628e-02,-2.3825292e-01,-9.2717308e-02,8.8417704e-03,9.4281526e-02,2.1041541e-01,2.9959726e-02,-5.2493595e-02,-8.8563571e-02,-2.6947978e-01
-1.5023356e-02,-3.1982301e-02,5.4346439e-02,-2.3092636e-01,1.6783306e-01,2.2817629e-02,-2.0471495e-01,1.4157929e-01,4.3559987e-03,1.2211997e-01,1.3234598e-01
-2.6256889e-01,-2.3279791e-01,-7.5433955e-02,-7.1460697e-02,-6.0475549e-02,-1.2710131e-01,1.3274164e-01,2.7725257e-01,-1.1704458e-01,-1.8786213e-02,-1.4600532e-01
-5.6533833e-02,2.4908971e-01,2.2155583e-01,-4.0091075e-02,7.0389703e-02,-3.2521722e-02,-1.0190137e-01,1.8878794e-01,-1.5679439e-01,2.9054422e-01,1.8496980e-01
-9.3682525e-02,-1.8716400e-01,-2.3567053e-02,2.2683201e-01,1.4691527e-01,2.4503093e-01,-1.3871458e-01,-1.1019706e-01,-2.1702682e-01,-9.8726631e-02,6.7042284e-02
2.3222548e-01,2.0398749e-01,-3.8958021e-02,-6.7077141e-02,-2.4157082e-01,1.2883146e-01,3.5844764e-02,2.6597749e-01,1.3343502e-01,-1.7195820e-01,9.0756314e-03
-1.3504008e-02,-2.4967070e-01,2.0525879e-01,-1.6211239e-01,1.1329981e-01,1.8753235e-01,-1.9996366e-01,3.1778180e-01,2.6599496e-01,2.0544405e-01,2.1973671e-01
1.7432449e-01,-2.5845445e-01,-2.0126252e-01,1.2420918e-01,-1.7487419e-01,-8.6500731e-02,1.4066753e-01,-2.5332384e-01,-9.1205009e-02,-1.6719063e-01,1.2490736e-01
-2.8286645e-01,-1.5277470e-01,2.5334706e-01,-1.1842905e-01,1.3795974e-01,1.8213628e-01,1.4431750e-01,-1.8972755e-01,-2.0329699e-01,-2.8821886e-03,-1.8995033e-01
-7.7016632e-02,-2.0120541e-01,1.7510696e-02,3.7289940e-02,3.4621094e-01,-1.5646692e-01,2.0792969e-01,-9.6816186e-02,-1.1274358e-01,3.1204063e-02,2.5145799e-01

-6.4637099e-02,1.5818822e-01,-1.2867285e-02,-1.3942858e-01,-4.1525473e-02,-1.2840311e-01,1.0527663e-01,1.8973508e-01,-2.9359239e-01,1.3222078e-01,2.8977129e-01,-4.1703674e-02,1.2952842e-01,2.2346188e-01,-1.0203179e-01,-2.5179722e-01,-1.6133426e-01,-4.9331964e-02,-4.0452143e-02,3.0315287e-01,-1.0256352e-01,2.7284697e-01,-2.8797614e-01,-5.1869598e-02,2.7453347e-01,7.9687998e-03,-2.9538131e-01,-7.1392481e-02,-1.3007512e-01,-6.2822398e-02,1.9311678e-01,1.6513648e-01,2.8049485e-01,7.9358524e-02,8.8214807e-03,2.3904895e-01,2.6288365e-01,-2.9498135e-01,1.8590376e-01,1.2625948e-01,2.3997241e-01,-2.2259110e-01,2.0930230e-01,5.7602065e-03,1.9771125e-01,-1.9359382e-01,-1.8012315e-01,-1.1717085e-01,1.0630930e-01,2.5158292e-01

5.4920011e-02,-1.9393589e-02,5.9702414e-02,4.4263181e-03,-1.0154348e-01,-6.7981391e-02,-7.5136516e-02,-7.4097286e-02,1.8980269e-02,-1.0001834e-01,2.2934146e-02,1.4989334e-02,1.2089610e-01,1.1925836e-01,1.3828146e-01,-1.3873129e-01,1.0929656e-01,-1.7114429e-02,-1.0042713e-01,-2.9952444e-02,-1.2192958e-01,-1.1043398e-01,-1.3838488e-01,-6.0436878e-02,-8.7166824e-02,-8.3037340e-02,3.9774917e-02,-9.2521436e-02,-3.1400345e-02,-7.7906867e-02,-7.2846041e-02,5.2393593e-02,-1.2579673e-01,-1.1748098e-01,-1.2928724e-01,-7.2257168e-02,-3.7893528e-02,6.5234031e-02,-1.2658241e-02,9.0222377e-02,-1.1219375e-01,9.5842549e-02,-1.2436322e-01,1.0855260e-01,-6.4932900e-02,-4.7444209e-02,5.9246871e-02,2.5878410e-02,-2.8285983e-02,-3.6028954e-02
-6.9351283e-02,1.1454049e-01,-1.2411988e-01,1.3486282e-01,1.3972692e-01,-8.3481933e-02,-7.3759264e-02,-9.0952939e-02,2.8835911e-02,-6.4601889e-02,4.6131997e-02,-1.1976980e-01,4.4990069e-02,-6.7158797e-03,-6.0146080e-02,1.4847930e-01,-1.1334225e-01,4.5828806e-02,1.9614458e-01,-5.3656260e-02,-4.0437875e-02,-1.1600519e-01,1.0003407e-01,-8.7840997e-02,1.1240617e-01,-3.8793034e-02,-9.6841890e-02,-5.7140345e-02,-1.0624927e-01,5.6930504e-03,-3.5945636e-02,1.0783159e-01,-1.1672488e-01,-6.3635336e-02,1.3267046e-01,-9.2356615e-02,5.6366601e-02,-7.2080161e-02,1.5778258e-01,-5.3422178e-02,1.3739257e-01,-7.8757293e-02,8.4096941e-02,-7.3417274e-02,9.3082238e-02,3.7104216e-02,-9.0391542e-02,2.7654737e-02,2.7048567e-02,8.7782536e-02
-1.0446512e-01,6.9844314e-02,1.1710573e-01,-9.8962087e-02,9.7355186e-03,2.4432361e-02,1.1508705e-01,-8.3164691e-02,-1.1568201e-01,7.8164295e-02,-1.4006573e-01,-2.0994608e-02,6.5804031e-02,3.1999549e-02,6.6458197e-02,1.0516191e-01,-1.2336706e-01,1.1050656e-01,1.1430754e-01,1.2931073e-01,-8.4530633e-02,-1.2942124e-01,1.1825414e-01,1.2215479e-01,1.1960976e-01,-1.3848337e-01,-1.2383973e-01,-9.9189459e-02,1.6956130e-02,7.9658510e-02,-9.9129090e-02,7.8643565e-02,1.0047368e-02,-1.1416228e-01,1.0886949e-01,-9.1154654e-03,1.1258746e-01,1.8573746e-02,7.5429224e-03,4.1015232e-02,-1.4025527e-02,-8.7066318e-02,-3.8277222e-03,-1.3341086e-01,-4.5914569e-02,-5.1984751e-02,6.8317841e-02,-1.3313905e-01,1.1329999e-01,1.7051461e-02
1.5446000e-02,-2.5823333e-02,7.6903737e-02,1.3476212e-01,6.7778263e-02,1.2580301e-01,-1.3846319e-01,-1.2191679e-01,-8.1829589e-02,-9.5821322e-02,-6.4124845e-02,3.3749804e-02,-5.0508666e-02,-9.7088486e-02,-1.1504462e-01,9.2565403e-02,-1.2104690e-01,-8.4033079e-02,7.1283164e-02,6.7119377e-02,8.4638946e-02,-2.9189704e-02,1.4006595e-01,-1.3885738e-01,-6.7330568e-02,5.1506753e-02,-3.7163667e-02,-1.0075792e-01,-8.8461009e-02,-1.2803811e-01,-1.4746214e-01,-1.1495129e-01,9.0617822e-02,4.7816359e-02,3.2994591e-02,1.2833875e-01,1.1065937e-01,1.2733127e-02,-2.9362839e-02,1.0777682e-01,-6.7714897e-03,6.0632103e-02,5.8477783e-02,5.0419866e-02,4.5502124e-02,1.3243943e-01,1.3792510e-02,-1.1556709e-01,-4.4713180e-02,1.3691624e-01
-6.7409956e-02,-1.1200710e-01,9.2335891e-02,1.1119946e-01,-1.2529156e-01,7.5860287e-02,3.2954007e-03,7.0296423e-02,-8.1908168e-02,-1.2499113e-01,-1.0940776e-01,-1.2359434e-01,-5.3277222e-02,-7.4252182e-02,-1.2185385e-01,-4.8661961e-02,4.1633869e-02,-8.7424295e-02,1.6458267e-02,-1.1630220e-02,-2.7909573e-02,-8.5911969e-02,6.0937894e-03,-2.3093469e-02,-9.1835923e-02,-9.0748639e-02,-3.1025140e-02,5.3210901e-02,-6.4000054e-02,3.4780516e-02,-8.7750420e-02,8.4218688e-02,7.7854950e-02,8.9286694e-02,1.1126879e-01,-1.0561216e-01,-2.7436535e-02,4.9913300e-02,-6.9377023e-02,6.3594113e-02,-1.2768225e-01,-4.5567576e-02,-5.1706229e-02,1.2925097e-01,3.4766027e-02,-7.5123646e-02,-1.0267734e-01,-1.1719717e-01,2.8455674e-02,8.2440095e-02
3.0271759e-02,6.6299578e-02,5.7810647e-02,2.0392139e-02,-6.7382099e-03,1.1253852e-01,-8.9213154e-03,4.5554430e-02,1.1393990e-01,-9.8141221e-02,-1.3867058e-01,1.0022055e-01,1.1079536e-01,1.8858300e-02,-1.3207727e-03,-9.1936704e-02,-6.3940799e-02,-1.1980564e-01,1.5895138e-02,7.2752111e-02,5.8775590e-03,-4.7877575e-02,1.1113868e-02,4.4215169e-03,-9.0677178e-03,1.2741221e-01,-9.6136688e-02,1.1900771e-01,-1.8447408e-02,-1.4461592e-02,1.1254991e-01,-1.1268846e-01,2.6289569e-02,-7.2440678e-02,-6.7339762e-02,-9.9205962e-02,-5.8816560e-02,1.3960583e-01,1.3410886e-01,1.1249385e-02,-1.3912472e-01,-1.4247382e-01,8.6369240e-02,9.5988448e-02,-3.5374852e-02,-9.3272296e-02,-9.8420306e-02,1.2880848e-01,6.8083035e-02,-4.0762378e-02
-7.8189315e-02,7.5481098e-02,1.0452795e-01,-1.5236156e-01,1.2864576e-01,-3.3275992e-02,-6.8348949e-02,6.4716536e-02,1.2775524e-01,9.9170050e-02,-3.1333333e-02,9.9022603e-02,-7.5021311e-02,1.6665465e-02,6.0918168e-02,-1.0281226e-01,-1.3339563e-01,-1.2704448e-02,5.7611909e-02,3.2895041e-02,-1.0449808e-01,-5.9191825e-02,-7.4919771e-02,-1.3796266e-01,-1.2044012e-01,8.4327276e-02,1.0782979e-01,2.0199173e-02,4.1593884e-02,1.2642532e-01,6.6298835e-02,4.2435914e-02,1.0943622e-02,8.0013455e-02,-1.2926977e-01,7.6203037e-02,-2.4741046e-02,9.6858607e-03,1.6872203e-02,1.3621996e-01,4.2321192e-02,8.4935072e-02,1.4159365e-01,-3.3835677e-02,1.0198204e-01,7.2604685e-02,-3.3484593e-02,5.3703479e-03,2.6232015e-02,-1.1453570e-01
-1.4607649e-01,-9.6501337e-02,-1.3538308e-01,6.4065645e-02,-9.7085338e-02,3.1448733e-02,-1.1921478e-01,1.1464351e-01,-1.3154273e-01,-8.1013260e-03,-4.5980587e-02,-5.9953035e-02,-2.1064606e-02,-1.0805669e-01,-1.7161651e-02,-6.3852470e-02,2.0592332e-02,-1.0905569e-01,-1.6771186e-02,-9.2720220e-02,-1.0217896e-01,8.9295348e-02,5.6596137e-02,-1.3984101e-01,-9.3771488e-03,4.7397003e-02,3.0126493e-02,3.1637340e-02,5.0881800e-02,3.5356784e-02,-1.3669859e-01,-1.3928166e-01,6.4391924e-02,-1.1254823e-01,-5.2710754e-02,-8.8424503e-02,-1.4290374e-01,1.3146899e-02,1.0765329e-01,7.4751935e-02,-4.2226709e-02,-1.1460237e-01,-1.0447061e-01,1.1479441e-01,4.5832734e-02,-4.3302140e-02,-1.0772920e-01,-7.7389511e-02,-4.1380302e-02,6.1451426e-02
-1.0071413e-01,-1.2830384e-01,1.2125540e-01,-5.9456817e-02,1.3589098e-01,7.9044711e-02,4.2042505e-02,-1.3900753e-01,1.0451386e-01,-3.7868296e-02,1.3602859e-03,1.4221944e-01,-3.1540198e-02,1.3194324e-01,-1.3224461e-01,1.0830774e-01,-7.5026585e-02,-7.6876940e-02,8.5708966e-02,-5.2535589e-02,1.3471657e-01,8.0078619e-02,-5.8018243e-02,-1.3609362e-01,1.3513679e-01,-6.9515540e-02,-9.3694136e-02,4.7407516e-02,-4.0480910e-02,2.9717730e-03,1.0346863e-01,-1.5024648e-01,-2.0033767e-02,-4.8805965e-02,1.3798466e-01,-7.3309429e-02,-2.3815955e-02,-7.0385595e-02,8.0961619e-02,-2.5126437e-02,-6.0608061e-02,-1.3376056e-01,7.5226996e-02,6.2292013e-02,-4.5314894e-02,-3.0641489e-02,-3.0795380e-02,-1.9015693e-02,-9.9758103e-02,-1.3640769e-01
3.3538514e-02,-1.2945756e-01,-6.0809104e-02,8.6630620e-02,-1.3361027e-01,1.1632434e-01,-8.3044432e-02,-4.0292812e-02,-5.2819439e-02,1.0192660e-01,1.0613401e-01,-8.8211454e-02,8.6692037e-02,-1.1860432e-01,-1.2540633e-01,-4.9019696e-02,-6.2825792e-02,-4.0653519e-04,1.1758191e-01,1.9471800e-02,1.3677349e-01,1.0838331e-01,3.9680958e-03,6.3735261e-02,-7.7655341e-02,8.8675863e-02,-1.3678961e-01,1.0853639e-01,-1.0269685e-01,-5.8841249e-02,-9.5951308e-02,-2.8025984e-02,-7.7897762e-02,-3.3373994e-02,1.1176165e-01,-3.1636800e-03,8.7628031e-02,9.6351405e-02,-6.2473139e-02,4.3627096e-02,1.2626034e-01,-7.6179141e-02,-4.2284594e-02,-2.5452986e-02,2.3548071e-03,-1.0857443e-01,1.0153481e-01,1.0065438e-01,4.5910456e-02,1.1140507e-02
5.9043762e-02,1.7769849e-02,1.2539298e-01,-2.9650339e-02,1.1378895e-01,-8.5594188e-02,-1.1189853e-01,1.1611008e-01,-2.8949768e-02,-1.0320788e-01,1.0209839e-01,-7.0361017e-02,-6.4554638e-02,-5.2359002e-02,-1.1377957e-01,5.1580501e-02,-1.0884080e-01,-1.0031950e-01,-6.3381217e-02,-2.0622627e-02,1.4483188e-01,8.1036147e-02,-7.8547112e-02,1.7483985e-02,-6.2127618e-02,-1.1868690e-01,-8.4845404e-02,-8.2784014e-02,4.2248636e-02,-9.5798545e-02,3.8990451e-03,9.7904054e-02,-1.4523478e-01,-7.3276504e-02,-5.0756070e-02,5.6460504e-02,5.4764238e-02,6.2629355e-02,-9.3114984e-02,8.9384961e-03,7.2440874e-02,-1.1581422e-01,9.8906022e-02,1.4968349e-01,7.4115066e-02,5.9507052e-03,-4.1421807e-02,-8.8139427e-02,-1.3173020e-01,-1.2656377e-01
-1.2261773e-02,1.2166337e-01,8.9650564e-02,9.3924229e-02,-1.2564438e-01,-3.3797353e-02,-5.7468197e-02,-8.7058571e-02,9.0542461e-02,-1.8271129e-02,7.9108092e-02,2.7269760e-03,-1.4359248e-01,9.6277225e-02,4.8698935e-03,1.5184579e-01,-1.7909051e-02,-5.1198649e-02,1.1591725e-01,1.0921619e-01,1.6349758e-03,1.3750367e-01,-3.9828886e-03,-9.1711894e-02,5.3922092e-02,1.8852929e-01,6.6126661e-02,8.8763447e-02,-4.4900314e-02,-1.7783536e-02,1.5555141e-01,-9.3481776e-02,1.1791888e-01,-9.4438125e-02,1.3850934e-01,-5.9225270e-02,8.4499721e-02,5.1596684e-02,-1.3610072e-01,1.2152829e-01,-3.6553285e-02,-1.2249638e-01,-1.3597604e-01,2.4971256e-02,-9.2366983e-02,-1.1825596e-01,1.0576645e-02,-1.4108585e-02,-1.2545820e-01,-1.7152339e-02
-9.0069665e-02,-9.2287331e-02,-4.9788135e-02,1.4662626e-02,-1.3422645e-01,-9.9706260e-02,-4.3901019e-02,1.1594498e-01,7.9608615e-02,-6.7171062e-02,-6.9038567e-02,-5.8034342e-02,-4.6317416e-02,1.2652648e-01,-8.4559661e-02,-1.7684353e-02,-3.5459461e-02,-6.5553803e-02,-9.9400722e-02,-1.2039444e-01,-6.2159324e-02,9.3038427e-02,6.7955511e-02,9.7386745e-02,-3.0413565e-02,9.9643642e-02,7.4925591e-02,1.2739795e-02,1.4208164e-02,-1.4113979e-01,9.2065234e-02,2.2657779e-02,-9.5639121e-02,1.0663142e-01,5.8264865e-02,1.2241708e-01,6.2996480e-02,3.9730806e-02,7.6315002e-03,-2.8424695e-02,7.3323272e-02,-8.8444774e-03,-9.2631016e-02,1.2384254e-01,6.3537884e-02,-3.6801325e-02,-1.3936497e-02,-1.2319240e-01,8.9219783e-02,-5.5446638e-02
-6.3050444e-02,4.7393190e-02,-5.1759881e-02,-1.1350095e-01,-1.3147336e-01,-6.4723960e-02,9.9345518e-02,1.4040199e-01,-5.6904404e-02,6.6163459e-02,9.6059993e-02,-1.3238128e-01,9.6878346e-02,3.3541508e-02,9.2923695e-02,7.1269797e-02,1.0772239e-01,1.0054170e-01,-3.6246347e-03,-1.3602355e-01,7.3780371e-02,-1.3155176e-02,-9.5832519e-02,-6.0177075e-02,8.1072571e-02,5.9984399e-02,-4.0725283e-02,-2.9036090e-02,5.8432255e-02,-1.0373442e-02,8.9504112e-02,7.8442506e-02,-6.2697180e-02,2.7868711e-02,-1.0641839e-01,-8.9988910e-02,1.0490394e-01,6.6212097e-02,4.2900695e-02,1.1743932e-01,8.0301229e-02,-1.1580706e-01,9.0453203e-02,-5.6239227e-02,9.2397865e-02,-2.1300051e-02,-8.4452090e-02,5.9390310e-02,3.0888893e-02,5.1138081e-02
2.5836606e-02,-1.0540486e-01,-1.7295439e-02,3.8565412e-02,-7.4559297e-02,-7.7375466e-02,1.1224340e-01,1.0739866e-01,-1.2563713e-01,-1.2297025e-01,3.3667650e-04,1.2629959e-01,-5.4156055e-02,3.5441495e-02,-5.3976526e-02,9.2633439e-02,1.3027049e-01,8.2097136e-02,6.8443419e-02,-4.0970492e-02,-1.0420849e-02,-4.1125771e-02,1.2210051e-01,9.2547488e-02,-1.5557791e-02,-5.9010074e-04,-1.2467282e-02,1.7370497e-02,1.2487303e-01,-8.7204064e-02,5.2468423e-02,-3.5068872e-02,-1.4205806e-01,-1.4040136e-01,5.9265276e-02,-4.2704151e-03,-1.8953184e-02,1.2260557e-01,-1.2824663e-01,-8.7363641e-02,7.3280665e-02,-5.4755114e-02,1.1659702e-01,8.3274749e-02,-7.3703867e-02,9.3001608e-03,-1.3147593e-01,3.3775498e-02,5.7349459e-02,-2.8467276e-02
-3.7221063e-02,4.7018760e-02,-9.0380197e-02,-1.2576358e-01,8.1799339e-02,6.6505826e-02,-2.3754871e-02,-8.4471780e-02,2.5371582e-02,7.6735660e-02,-2.3554726e-02,6.4110975e-02,6.2390204e-02,-5.0230569e-03,-5.4599648e-02,-7.2022902e-02,1.1750183e-01,7.5348555e-02,6.0425525e-02,2.4950712e-03,-8.9263275e-02,1.1826965e-01,1.3869313e-01,-2.3516021e-02,-5.7486181e-02,-2.2789980e-02,7.3489160e-02,5.5389820e-02,-8.9683775e-02,1.0066910e-01,-4.3387154e-02,8.5449771e-02,-5.2884545e-02,9.7945931e-02,4.2884141e-02,-3.8436206e-02,-8.4847700e-02,-7.0102065e-02,3.1463160e-02,6.2935170e-02,-1.0327352e-01,-1.4773791e-02,-1.1563160e-01,-1.0527374e-01,7.3066907e-02,-6.8556196e-03,-6.3022078e-02,8.7758731e-02,-4.7032713e-02,2.9135974e-02
2.0423821e-02,1.1319070e-01,-1.0560315e-01,-3.7977329e-02,-4.4594038e-02,5.9462967e-02,-1.4962598e-02,-9.7321524e-02,2.0076996e-02,-1.0091966e-01,5.2399168e-02,5.6483139e-02,6.3494919e-02,1.1103659e-01,8.0584115e-02,5.5603643e-02,-9.5148504e-04,-2.8997210e-02,-3.5156973e-02,1.1604592e-01,6.0688705e-02,2.4750039e-02,-1.3334414e-01,-6.5448861e-02,-6.7415554e-02,7.5202896e-03,8.0116398e-02,2.6604278e-02,-3.9874034e-02,1.3817535e-01,-4.5104982e-02,1.2534188e-02,9.2068075e-02,-9.0162372e-02,-6.3904971e-02,4.7121895e-02,-1.1048630e-01,-2.2708129e-02,2.5316921e-02,9.6092497e-02,-1.0654177e-01,3.7873837e-02,-5.6557200e-02,1.6746893e-02,-9.0305555e-02,1.4351228e-02,1.1277987e-01,-1.0861774e-01,6.5764404e-02,1.2270017e-01
-3.5213691e-02,1.4436118e-01,-1.3519549e-02,1.2817127e-01,2.6616537e-02,6.6123356e-02,8.3860466e-02,-1.7147647e-02,6.8525756e-02,-1.3207888e-01,-2.0686864e-02,1.3599788e-01,1.7302779e-02,-4.7043496e-02,1.2865274e-01,-1.1485094e-02,-1.1980292e-01,6.8492940e-02,-1.9730016e-01,4.6439666e-03,-4.1886844e-02,1.3563954e-01,-1.1790450e-01,-3.7446264e-03,1.0690271e-01,1.1733856e-01,-5.8700025e-02,7.4590829e-03,7.3584128e-02,3.1903695e-02,-1.6299323e-01,3.0680509e-02,2.1339133e-02,3.9846698e-02,5.7050050e-02,1.3697576e-01,-8.0305106e-02,-2.7504690e-02,1.3135220e-01,-4.4535853e-02,-6.6563016e-02,1.0436457e-01,1.2177930e-01,-3.7858228e-02,8.4547208e-02,8.4991354e-02,3.7568663e-02,7.6980586e-02,-2.4927788e-02,-1.0265150e-01
-2.8809220e-02,1.0588499e-01,3.5561714e-02,1.3876778e-01,9.3175426e-02,7.4868563e-02,-1.0829265e-01,-5.5303524e-02,8.4889915e-02,-8.7956036e-02,-8.7152377e-02,2.1828523e-02,-1.0714150e-01,1.0785566e-01,1.0813069e-02,8.0807249e-02,-4.9872988e-02,-1.0649861e-02,9.0502844e-02,2.0122887e-02,-1.3071572e-01,7.0572531e-03,1.1779769e-01,3.2586658e-02,-1.2888042e-01,9.6445149e-02,1.2971478e-01,8.7989757e-02,1.5817649e-02,-9.8427560e-03,-9.1881762e-02,-2.2757342e-02,-1.3686179e-01,-1.1322470e-01,-5.5765995e-02,2.8600996e-02,1.1584635e-01,-1.1742223e-01,-1.2085727e-01,1.2810920e-01,-6.4591162e-02,4.3815110e-02,1.3295811e-01,-3.0734380e-02,4.6034438e-02,9.6230464e-02,-5.8354777e-02,-8.5905240e-02,6.7560686e-02,-2.0556249e-02
-6.5852443e-02,-3.8622793e-02,-1.3197474e-01,-1.4479018e-02,-7.5051795e-02,-1.1346699e-01,9.5861613e-02,1.0635080e-01,-7.7448960e-02,-1.0558972e-01,4.5295843e-02,1.1420683e-01,-4.6525167e-02,9.0050021e-02,3.5553264e-02,-6.4627043e-02,4.4251723e-02,-5.3395320e-02,-6.6317070e-02,-1.2591343e-01,-3.0373804e-02,5.7941397e-02,3.9068491e-02,6.7743559e-02,-1.1821358e-01,-1.0163371e-01,5.8374240e-02,-1.3988705e-02,5.5371848e-02,6.4410173e-02,-1.1535532e-01,-1.3770745e-01,-7.1237383e-02,1.3494483e-01,-1.0944197e-01,-9.8451814e-02,2.1136580e-02,-8.4007738e-02,-9.2699576e-02,-8.0662787e-02,-2.3060606e-02,-8.6640708e-03,6.9335271e-02,1.3810936e-02,1.0159284e-01,6.5373704e-02,4.6331168e-02,-9.3809946e-02,-1.3526689e-01,1.9712454e-02
6.6789276e-02,-1.1640698e-02,-9.7821947e-02,-9.1303116e-02,-8.5100624e-02,2.4204588e-02,9.4791238e-02,8.3891325e-02,-1.0515603e-01,-7.5904448e-02,-1.0593073e-01,-1.0451407e-01,7.6486678e-02,3.7908717e-02,-2.7077003e-02,-1.0612562e-01,8.0734991e-02,-1.8506949e-02,-4.0562024e-02,-2.2462608e-02,9.0270760e-02,-6.9963959e-02,-1.2254663e-01,-1.1383119e-01,1.1730153e-01,-6.3087765e-02,9.5457482e-02,-1.0632723e-01,1.1494886e-01,8.3381930e-02,5.2379934e-02,4.8767202e-02,5.0379421e-02,1.1337410e-01,-1.1448366e-02,7.4103871e-02,-1.2384554e-01,9.2343610e-02,1.3191691e-01,2.3018459e-02,1.7002778e-02,-1.1304184e-01,-9.4274107e-02,-4.8218288e-02,-5.6666213e-02,7.1706799e-02,-1.7127835e-03,7.8775530e-02,-1.1735271e-01,9.9022963e-03
-3.8618824e-02,-1.2881894e-01,3.4910353e-02,1.2744643e-03,6.7621547e-02,-1.0056207e-01,-4.1017794e-02,-1.0077941e-01,3.1823543e-02,7.2928016e-02,4.5674293e-02,4.3246743e-03,-5.0356888e-02,2.7815596e-02,1.2694771e-01,-6.3742827e-02,4.2936840e-02,-1.8198553e-02,9.1694470e-03,1.3960033e-01,1.1621084e-01,1.4078925e-01,-2.2620040e-02,1.3956433e-01,-1.2912272e-01,-7.6543268e-02,8.1247553e-02,1.2777099e-01,4.3396735e-02,-2.3164651e-02,8.4153206e-02,6.4838710e-02,3.6904970e-02,1.2684973e-01,5.6852040e-02,9.2573564e-02,-1.2543936e-01,-6.8699905e-02,-5.7237092e-02,-3.0142098e-02,-1.5847592e-01,9.5044901e-02,-5.7642756e-02,-6.2764370e-03,-1.3177207e-01,1.0255999e-01,1.3036056e-01,5.7382503e-02,9.8968042e-02,-1.2502964e-01
-5.4106458e-02,1.2499879e-01,-3.5309705e-03,3.0909671e-02,7.3725560e-02,5.7678586e-03,-1.4284497e-01,4.9760597e-02,-1.0443549e-01,-6.7505619e-02,-7.5240680e-02,-1.3400520e-02,1.1577472e-01,3.6891983e-02,-5.7084763e-02,8.8364017e-02,1.0816353e-01,-6.5202959e-02,-7.5444154e-02,-1.2896031e-01,1.1446606e-01,5.3358849e-02,-2.8416072e-02,-1.3232126e-01,2.9779994e-02,1.3566280e-01,-3.1695970e-02,3.8976467e-02,1.3953632e-01,-3.4121837e-02,1.0386066e-01,1.1580085e-01,-1.1275616e-01,-2.4498071e-02,4.2622831e-02,-9.0624476e-02,2.4615510e-02,8.4417061e-02,-8.4605240e-02,1.0897180e-01,-1.1758495e-01,-7.8451950e-02,-6.6262716e-02,-4.6962277e-02,-1.1882846e-01,3.6665225e-02,1.5093504e-01,-8.3389709e-02,-1.9671442e-02,1.1432838e-01
-6.1481180e-02,6.1123702e-02,-6.5419525e-02,5.1807698e-02,-9.8023138e-02,-1.1494949e-01,-2.7659469e-02,1.1220975e-01,-1.0058556e-01,-5.4161400e-02,-3.8035825e-02,1.1139469e-03,-3.2905689e-02,-1.5759744e-03,-2.6430637e-02,-1.6996061e-01,-1.3290561e-01,-8.2097592e-02,-1.9989884e-01,4.1574296e-02,1.1590869e-03,-8.4050542e-02,9.4562838e-02,-3.9544096e-02,1.1648339e-01,1.1578504e-01,2.0995488e-02,-3.4684108e-02,1.2423511e-01,1.1811932e-01,-9.2515487e-02,-1.0857372e-01,-9.8723570e-02,1.0582850e-01,2.0045158e-02,9.9843042e-02,1.5097317e-02,-1.3312102e-01,1.1551955e-01,-8.9702296e-02,-1.0493703e-01,4.6848731e-03,-3.3770673e-02,1.1441805e-01,1.1127842e-01,-4.3144693e-04,1.7768181e-01,-6.9575628e-02,7.4862303e-02,1.0453261e-01
-7.9372641e-02,3.3694816e-02,-2.2305054e-02,-9.4131530e-02,1.6759697e-02,-1.1298807e-01,1.9414432e-02,-1.0868917e-01,6.0298884e-02,1.2085669e-01,3.5210527e-02,-1.1532125e-01,6.2632131e-02,-7.8311586e-02,6.0547079e-02,-9.1374094e-02,-4.8592923e-02,8.0969885e-02,-5.3655696e-02,3.7662060e-02,-6.4261330e-02,1.2243280e-01,-7.2231279e-02,1.0016409e-01,8.5669381e-02,-8.3448200e-03,1.2913639e-01,1.5359319e-01,-1.1268935e-01,1.0760491e-01,-9.0474479e-02,-9.1442757e-02,2.7647642e-02,7.1917165e-02,-5.1318891e-02,-1.7315382e-02,-3.0759122e-02,-5.8931139e-02,3.7721355e-02,5.0946977e-02,8.8346241e-02,-1.0255218e-01,1.0646824e-02,-7.4704451e-02,-1.2601967e-01,-8.5444965e-02,-2.3135177e-03,1.2496686e-01,1.3654992e-01,3.2674959e-02
9.4555096e-02,-1.1449996e-01,1.0730934e-01,-1.2323987e-01,1.3647387e-01,1.3618636e-01,-1.9356615e-04,-1.6960565e-02,-6.6067255e-02,6.8146623e-02,-6.4080379e-02,-8.9373988e-02,-1.7729095e-02,-4.7690900e-02,-1.2583113e-01,-9.1692786e-02,-4.5054482e-02,-9.7633655e-02,-1.0731017e-01,1.4545211e-02,8.4561597e-03,-1.1744732e-01,1.3982612e-02,-7.2957620e-02,3.4769326e-02,-1.1785213e-01,-1.3419784e-01,-1.2846950e-01,-1.7329759e-02,-1.0221587e-01,9.5413505e-02,-3.1074240e-02,-1.6278489e-02,-5.0667468e-03,8.1894152e-02,1.0639009e-01,-5.5250636e-02,-7.8543667e-02,6.4809553e-02,5.9727895e-02,-1.1205336e-01,-5.8101318e-02,4.2110765e-02,-1.0590116e-01,1.3879274e-01,3.0290368e-03,-4.2537972e-02,-8.0199937e-02,2.3478372e-03,1.6046132e-02
9.9872498e-03,2.9011392e-03,7.1183993e-02,2.6301284e-02,4.0029728e-02,-6.4362879e-02,-1.1443478e-01,-1.3929220e-01,4.0969957e-02,-3.6088742e-02,3.3777470e-02,1.1836566e-01,3.3072857e-02,-8.5319204e-02,-1.3343375e-01,2.7165899e-02,-6.0753671e-02,-1.4190196e-01,-2.1022816e-02,-1.0702135e-01,4.6802050e-02,-8.1464702e-02,1.0108892e-01,3.1193277e-02,-9.3728521e-02,-5.9851494e-02,1.3826493e-02,-1.1108991e-01,7.9321046e-02,1.0237486e-01,1.3108668e-01,5.3557383e-02,2.3647332e-02,4.9448478e-03,1.2577371e-01,1.0399015e-01,6.7295016e-02,2.7767985e-02,6.7390522e-02,-1.0758395e-01,-2.9047566e-02,1.4762270e-02,6.3702498e-02,7.8017423e-02,-9.2325746e-02,1.9104833e-02,-1.0589693e-01,4.9907643e-02,-5.1996601e-02,1.5217921e-02
-3.0109696e-02,3.3155499e-02,8.1857503e-02,1.7886370e-02,7.2902674e-02,1.2545315e-01,-3.7357729e-02,-5.1099362e-02,1.4281405e-01,8.5160239e-02,9.0475185e-02,8.6117430e-02,6.4334331e-02,6.2684752e-02,6.3481951e-03,-9.3926147e-02,4.4576154e-02,-1.2062159e-01,-3.6320464e-02,-4.2518463e-02,5.9372445e-02,-8.9482363e-02,2.2005817e-02,-3.7173090e-02,-8.5743737e-02,-9.8121759e-03,-4.8071536e-02,-1.7675527e-02,-1.3830649e-01,8.6737966e-02,5.5181591e-02,-1.6244758e-02,-4.4794628e-02,-1.3603767e-01,-3.7977215e-02,9.8286691e-02,4.3348700e-02,1.2319532e-01,-7.3737452e-04,-6.6479431e-02,7.8463617e-02,-2.2770900e-02,-2.1080870e-02,1.2053069e-01,1.2720080e-01,7.6955449e-02,-1.5584908e-02,1.6333946e-01,3.9545291e-02,3.3499698e-02
1.2505727e-01,-6.6134940e-02,1.1144520e-01,-9.7483446e-02,-6.2204261e-03,7.6968122e-02,1.1550976e-01,6.7694538e-02,8.0564333e-02,1.0653215e-01,-3.8897274e-02,-1.1292645e-02,-2.9181482e-02,1.1380908e-01,-7.8979650e-02,-2.8612769e-02,-8.2693021e-02,-2.3415552e-02,-9.6136402e-02,-4.5463635e-02,5.7276683e-02,1.3521068e-01,-6.9636487e-02,-4.8696421e-02,1.3249027e-01,-1.4706699e-03,-4.7972934e-02,-1.3293491e-01,2.8382414e-02,3.1177652e-02,2.9930649e-02,-3.7535501e-02,-5.1665694e-03,7.0967496e-03,1.0469438e-01,-1.0899097e-01,1.2176100e-01,-1.0413297e-01,-3.7674184e-02,-1.4224842e-01,-1.0765556e-01,6.0130682e-02,-1.4902707e-01,9.8242252e-02,1.1385249e-01,1.0790793e-01,-3.7929552e-02,-8.5432420e-02,-1.3419869e-01,-4.1331595e-03
-2.1881611e-03,1.0215596e-01,9.8376202e-03,-1.1431216e-01,-1.1481488e-01,-6.4999713e-02,-9.0038182e-02,-1.5328115e-02,1.2446774e-01,1.1185027e-01,1.0864154e-01,6.1353447e-05,7.1920445e-02,2.6847937e-02,-7.0157041e-03,3.8197296e-02,-8.1924932e-02,1.0336871e-01,-1.1383798e-02,-9.4233925e-03,-4.6418297e-02,-8.9214603e-02,-8.0295455e-02,-2.8055663e-02,6.0940481e-02,9.9450978e-02,1.0598466e-01,-1.1801408e-01,1.3689216e-02,1.4247247e-01,-1.1255089e-01,7.0828273e-02,6.5534334e-02,-4.6263922e-02,-2.3192503e-02,6.8007829e-02,-2.6807751e-02,1.2701774e-01,-7.2516373e-03,1.6217281e-02,4.9581449e-02,9.9366631e-02,8.5976155e-02,1.3428116e-01,-9.4113497e-03,1.1579668e-01,4.8465210e-02,-7.7649234e-02,-1.7010461e-02,-9.6779383e-02
-1.0876732e-03,2.6353280e-02,-3.9535159e-02,5.0453318e-02,8.0857862e-02,7.2671923e-02,3.4323091e-02,1.1008329e-01,9.8792246e-02,1.2930441e-01,1.1746850e-01,-4.8126925e-02,1.8764769e-02,1.8217767e-02,1.2630712e-01,-1.4825401e-01,-9.8794056e-02,1.2207373e-02,-7.9421971e-02,-1.3306735e-01,-1.1391207e-01,3.6282374e-02,3.9008339e-02,-4.4314685e-02,9.6924187e-02,5.1329427e-02,4.8178954e-02,1.4515614e-01,-1.0809481e-01,-1.1608030e-01,1.0319956e-01,9.5415230e-02,1.0157921e-01,1.4424256e-02,-1.3681625e-01,1.1167085e-01,-4.2294189e-03,8.9709785e-02,-1.2090502e-01,-8.4003516e-02,-1.2131788e-01,1.2630167e-01,4.0996461e-02,1.4231783e-01,8.1103029e-02,-4.0340505e-02,1.5736468e-01,1.6714203e-02,-9.5648577e-02,-5.3163356e-02
5.2876392e-02,-5.7972172e-02,-4.1394966e-02,-9.0773150e-02,-1.0722441e-01,1.5172586e-01,-1.3559031e-01,-9.0618976e-02,6.0791559e-02,9.4594641e-02,-1.1442391e-01,-1.3993520e-01,-1.2157041e-01,-1.0141507e-01,1.2738394e-01,8.0729450e-02,8.1890099e-02,7.8077408e-02,5.6236315e-02,1.4954002e-01,-1.3204082e-01,-4.7950772e-02,7.7185367e-02,1.2719177e-01,5.3079623e-02,-6.2261550e-02,-2.8846195e-02,-1.1372288e-01,-4.9178808e-02,5.8560502e-02,6.4846730e-02,9.4346194e-02,4.8427786e-02,1.9852081e-02,1.3037696e-01,3.8991627e-02,-1.2292046e-01,1.5027005e-02,-1.1831127e-01,2.5410129e-02,-1.1251008e-01,-8.9349033e-03,-9.0477994e-02,2.5537603e-02,-1.0492404e-01,2.2369531e-03,-8.5210056e-02,-8.7660910e-02,1.0876559e-01,6.3024637e-02
-5.7209241e-02,5.7510409e-02,1.1690387e-01,5.3141772e-02,1.2480186e-01,-2.5100907e-03,1.4809996e-02,-5.6857584e-02,-4.1395924e-02,9.8032281e-02,-2.0127481e-02,1.0987110e-01,1.1911782e-01,-4.9300807e-02,5.8780444e-02,-1.0311774e-01,4.5143721e-02,-9.5994738e-02,2.5239259e-02,-6.3177240e-03,-9.3006444e-02,3.5164169e-02,-5.2034212e-02,-8.5070919e-02,1.3615421e-01,-2.6044422e-02,1.3359585e-01,5.0255413e-02,-4.7994055e-02,-1.2539126e-01,-3.3243813e-02,8.7268548e-02,-1.3889933e-01,6.7173817e-02,-4.3497190e-02,2.7576934e-02,-8.8907302e-02,-6.1886839e-02,-4.6023984e-02,-3.9950664e-02,5.4872334e-02,-1.0006023e-01,3.4490242e-02,1.2522779e-01,2.3957006e-02,-1.0646173e-01,1.2743171e-01,-3.7630721e-02,-7.7432759e-02,-1.4110799e-01
1.4950903e-01,-6.8701378e-02,-5.5971310e-03,4.0652617e-02,5.9752859e-02,8.7401831e-02,2.1359838e-02,-1.0263887e-01,3.1016003e-02,-1.2079904e-01,6.6503922e-02,-7.8953911e-02,-8.3567450e-02,-1.1877003e-01,-1.1048164e-02,1.1491088e-01,-8.5629682e-02,1.7590723e-02,1.1152671e-01,3.4103707e-02,1.3624680e-01,-1.2474887e-01,-7.7067715e-02,-1.5236522e-02,8.5931378e-02,9.1550432e-02,1.1590130e-01,-4.2522782e-03,-6.6314679e-02,-1.2030287e-01,-8.8829682e-02,4.5249624e-02,-7.1407020e-02,-1.1170557e-01,-4.6404150e-02,-6.2268706e-02,9.0102710e-02,9.6720170e-02,-7.1512936e-02,1.4575204e-01,-1.2714133e-01,-1.9465945e-02,1.1480511e-01,-1.3914512e-01,6.1384607e-02,4.8662634e-02,1.2331449e-01,-1.0868089e-01,6.9260676e-02,-6.6273443e-02
2.3168543e-03,8.3781663e-02,6.7655812e-02,-1.2576845e-01,1.0825129e-01,6.8258052e-03,7.3094839e-02,7.5161979e-02,-3.4982247e-02,-7.2280153e-02,-7.6978721e-02,1.1625408e-01,-4.8193112e-02,9.6046857e-03,6.1826201e-02,2.9002374e-02,-1.0209963e-01,3.5152044e-02,1.5695789e-01,-1.3667019e-01,-6.5189797e-02,-4.6867081e-02,-2.4652806e-02,-4.6083496e-02,9.6986937e-02,-8.2961446e-02,-2.5904102e-03,8.8861027e-02,4.1481612e-02,-5.9994005e-02,5.2757848e-02,5.7100789e-02,1.4353963e-02,1.3746319e-02,-1.7818745e-02,6.8117675e-02,9.9155657e-02,-6.8123850e-03,7.6670503e-03,-7.2435750e-02,1.5259405e-01,3.8233315e-02,1.1403415e-01,-1.9819084e-02,-1.4589672e-01,-1.0207052e-01,-7.1908928e-02,1.3456752e-01,-9.7456432e-02,-4.5009053e-02
7.4141847e-03,-9.4359049e-02,2.5590360e-02,2.0551083e-02,6.0878705e-02,3.1305350e-02,-1.0032809e-02,-3.4567550e-02,-1.7004629e-02,5.2689235e-02,-8.8291474e-02,-7.0162769e-02,9.4432425e-02,1.2123193e-01,-5.0059978e-02,-2.0742588e-01,1.3450463e-01,-6.8817053e-02,-5.4669841e-02,2.1869175e-02,2.8356544e-02,3.7010965e-02,-8.7790696e-02,-7.5780187e-02,-1.4896354e-02,-2.5039509e-02,1.6019179e-02,1.3620146e-01,3.9852512e-03,-4.7323645e-02,-1.8291559e-02,6.6238375e-02,-1.0329798e-01,1.7417849e-01,5.6089363e-02,-8.4558761e-02,-1.0795222e-01,-1.3696824e-01,1.1189505e-01,-8.2816002e-02,-1.3872951e-01,1.1821525e-01,1.0793141e-01,8.6796323e-02,-8.0490020e-02,-2.1496616e-02,-2.4118224e-02,-3.9523730e-02,-2.7375573e-02,-1.0837942e-01
6.6946842e-02,1.3200386e-01,-8.9368408e-02,-5.8552661e-02,-7.5004858e-02,-8.6819421e-02,1.1247228e-01,-4.6223236e-02,1.3190738e-02,8.4979466e-02,4.4482294e-02,9.1672617e-02,1.2342574e-02,-1.0346554e-01,-4.6176466e-02,-1.0288917e-01,-1.1343461e-01,-5.4664978e-03,-9.2693667e-02,9.5019897e-02,-3.6452305e-02,8.4921939e-02,4.5637153e-02,1.7948032e-02,1.3949765e-01,-7.7109502e-02,4.9930723e-02,-1.0210867e-01,3.5123815e-02,6.8487389e-02,1.3511349e-01,-4.9765262e-02,-3.7415617e-02,5.6813369e-02,1.2509127e-02,6.4697220e-02,-2.7379460e-02,1.1955010e-01,-8.6811481e-02,6.0175322e-04,1.1573167e-01,1.0041840e-01,-1.0087025e-02,-7.4368524e-02,-5.4564227e-02,1.1679409e-01,-1.2047340e-02,-5.2365979e-02,-1.0961858e-01,-5.4035710e-02
-1.1694773e-01,1.2497528e-01,-3.3834059e-02,4.5278807e-02,1.4444294e-01,9.1432385e-02,-1.0996069e-01,1.4355739e-02,-1.3093787e-01,7.6278851e-03,-9.1480121e-02,1.0428914e-01,1.9564454e-02,-9.8139832e-02,1.4398402e-01,-9.1047929e-02,2.2285548e-02,-7.1865322e-02,-8.4020936e-02,-1.2156598e-01,7.3344280e-02,-1.6319144e-02,6.6085553e-04,-4.5017382e-02,6.3246320e-02,9.3987477e-02,5.2893923e-02,-3.1418261e-02,-2.9516185e-02,1.2431374e-01,5.2635185e-02,1.4177016e-01,7.0826590e-02,-3.9685417e-02,-1.0607140e-01,6.6045110e-02,2.7797227e-02,-1.0280618e-01,-1.4893991e-02,-9.8437106e-02,-6.0560065e-02,1.5952493e-01,-8.5197280e-02,1.5023695e-01,-1.2016184e-01,1.8773665e-01,1.5112286e-01,-4.5301558e-02,7.9731604e-02,4.1295554e-02
1.3064112e-01,1.3009832e-01,1.0131352e-01,1.2021090e-01,-2.7352112e-02,2.6715831e-02,-3.2654764e-02,-1.4500199e-01,-2.1833682e-02,-1.3441271e-01,-5.9434517e-02,7.8911756e-02,-1.4990628e-02,5.0022588e-02,8.6821929e-02,1.3525686e-01,4.3926563e-02,-1.2585536e-01,-1.5644680e-02,-1.1770551e-01,-1.1700713e-01,7.7624134e-02,1.0699232e-01,1.0127999e-01,7.4819773e-02,-7.6324828e-02,1.9493835e-02,-3.5825763e-02,4.7397996e-04,6.9216156e-02,5.5295140e-02,1.4672813e-01,8.2203268e-02,6.2007423e-03,-2.8950189e-02,-1.1495540e-01,-1.3121098e-01,1.3288362e-01,-8.7949771e-02,-1.3247857e-01,-4.3731628e-02,-8.7635631e-02,-7.4976349e-02,-1.5139759e-01,3.6834803e-02,-1.1628750e-01,6.0365877e-03,1.0824114e-02,4.1680489e-02,1.2969924e-01
-5.7931303e-03,1.9040910e-02,-1.5598558e-01,-8.4203877e-02,7.8113670e-02,1.0767058e-01,1.1170797e-01,-9.1225430e-03,1.1347202e-01,-3.1396124e-02,-1.2902860e-01,-3.4246591e-02,-1.1818667e-01,-3.7443109e-02,-6.0676880e-02,6.5524965e-02,8.5791567e-02,2.2465139e-02,6.6651065e-02,9.6393772e-02,7.8181730e-02,9.8163722e-02,1.3931009e-01,6.0508346e-02,-1.3070330e-01,-5.9931048e-02,9.7602351e-02,-1.1059780e-01,-6.8014961e-02,9.7837676e-02,9.1174705e-02,4.4595269e-04,-4.1454155e-02,-1.0424170e-01,9.6772639e-02,1.0770244e-01,4.0919945e-02,4.0432200e-02,1.6929935e-01,-7.4054053e-02,3.0863467e-02,-8.5444384e-02,-6.8483601e-02,-5.8632580e-02,6.7910740e-02,1.1541865e-01,-6.1099042e-02,-6.1360281e-02,4.7031391e-02,1.3772209e-01
-1.0269331e-01,6.7798998e-02,1.3137333e-01,1.2729232e-01,1.0382415e-01,-1.4119439e-01,7.8860283e-03,4.1826595e-02,-2.1231102e-02,1.3738700e-01,1.5190539e-01,1.1972981e-01,-5.0660798e-02,4.7854465e-02,5.5370035e-02,-4.2606974e-02,5.3599418e-02,1.3211614e-01,-7.7871808e-02,-1.3387717e-01,1.8133225e-02,1.4576608e-02,-1.0960873e-01,-1.2573999e-01,-7.8423591e-02,1.1502659e-01,-3.9967192e-02,-1.3720627e-01,-2.1294256e-02,5.3327514e-03,-1.4932046e-01,-7.4280192e-02,4.2093682e-02,9.6169081e-02,1.6202193e-02,-2.3433744e-02,3.8836792e-02,5.8175486e-02,-1.1235199e-01,-4.8616870e-02,3.1915253e-02,-1.0358555e-01,-9.8694164e-02,-8.0235202e-02,-1.1949128e-01,-1.4839151e-01,7.0548163e-02,7.2986689e-02,6.2067336e-02,1.2434955e-01
3.6107331e-02,-1.4745274e-02,-5.9878149e-03,-9.4510757e-02,1.4267464e-01,-1.0871708e-01,-1.0079948e-01,1.1085366e-01,1.3897632e-02,1.0117447e-01,-1.2102037e-01,9.0755942e-02,1.4293555e-01,-8.2236402e-02,-3.8750119e-02,-5.5783547e-02,1.0204536e-01,-1.3268420e-02,-1.0185848e-01,-1.7058794e-02,-1.2642333e-01,-1.2052667e-01,5.2670692e-02,2.8355908e-02,-1.3670500e-01,-1.1188081e-01,1.0622210e-01,-9.3963599e-02,1.0012534e-01,-5.3630044e-02,-7.6749951e-02,-1.2536127e-01,-6.2263740e-02,-1.0564081e-01,4.0329672e-02,5.4347974e-02,1.4884864e-02,2.0973765e-02,-5.4717771e-03,1.1575671e-01,-8.0297343e-02,-6.0049254e-02,-4.8216348e-02,8.2340112e-02,-1.2961390e-01,-7.6549549e-02,-1.4009167e-02,4.8124431e-02,1.2505653e-01,1.2932857e-01
-1.2114579e-01,1.2043532e-01,1.0157264e-01,1.3148340e-01,5.3564460e-02,-6.4670366e-02,8.3885590e-02,-1.0737009e-02,-4.4373584e-02,3.7407647e-02,2.9436135e-02,-4.1213240e-02,4.5641437e-02,-9.1112022e-03,5.1554140e-02,1.2242753e-01,9.8881895e-02,-1.3438515e-01,1.4433819e-01,-1.0625347e-01,-6.3036173e-03,-7.9687095e-02,4.7305009e-03,1.4175521e-01,5.2772467e-02,-1.3764744e-01,5.6256388e-02,-1.2142467e-02,3.8433579e-02,-5.3914511e-02,1.7035884e-01,-8.6437259e-02,1.2319009e-01,-1.1848891e-01,-1.4022011e-01,-5.4410717e-02,1.3060526e-02,-1.0295991e-01,1.1550869e-01,1.4982636e-03,4.6605456e-02,7.5926545e-02,-1.1909558e-01,4.0959106e-02,1.9150906e-04,7.5263357e-02,-5.6801795e-02,7.3299220e-02,-8.9806125e-02,-7.4538368e-02
-5.3709355e-02,4.4483582e-02,-4.4196502e-02,-1.2911874e-01,6.9995932e-02,3.7297422e-02,-6.4539214e-02,1.0514054e-01,-3.7883126e-02,-5.2544506e-02,-1.1513305e-01,-6.5004833e-02,-7.8782548e-02,-1.4868150e-02,2.4946868e-02,3.7349055e-02,1.8191971e-02,-1.3621714e-01,9.7807480e-02,6.4021670e-02,-7.8978927e-02,1.4522176e-01,1.1557436e-01,9.8625275e-02,-5.9094638e-02,4.2366218e-02,-4.0229976e-02,-1.3175005e-01,-2.2319042e-02,-1.2140773e-01,-5.8169344e-02,7.3506732e-02,-9.4183397e-02,-1.1414889e-01,-4.8368681e-02,-1.0567535e-01,4.4530194e-02,-8.5425841e-02,1.4089396e-01,-4.8249605e-02,1.6284580e-02,9.8930845e-02,-7.4477531e-02,4.7484525e-02,1.9759362e-03,1.0867091e-01,9.7610669e-02,8.3857482e-02,-8.1741817e-02,8.2209573e-03
5.7118183e-02,3.7017394e-02,-9.7494551e-02,3.4831280e-02,4.4257252e-02,-4.9431383e-02,4.8045461e-02,-1.0176657e-02,2.6805641e-02,5.4273980e-02,4.3358814e-02,-7.4852646e-02,1.3073326e-01,-7.7155121e-02,1.2385546e-01,-6.5536997e-02,-6.5631569e-02,-9.6134830e-02,-6.2667711e-02,3.4890556e-02,-5.1295591e-02,5.0457851e-02,8.9898388e-02,-9.8164566e-02,-1.0900376e-01,6.8395739e-02,-8.6869237e-02,-8.9011877e-02,-6.9796184e-02,4.7887539e-03,4.2791922e-02,3.2034054e-03,-1.3857758e-01,2.4023761e-02,8.0245577e-02,6.0403698e-02,-1.2385607e-01,-1.1183310e-01,-5.3369622e-02,9.4706435e-02,-9.8444813e-02,-8.8835170e-02,7.2918194e-02,-6.9527758e-02,-7.3453759e-03,1.3095269e-01,9.8265633e-02,-1.2902421e-01,1.0544779e-01,-6.9111945e-02
-1.1462959e-01,1.0518194e-01,1.1687474e-01,5.7493424e-03,4.6033390e-03,-5.0380610e-02,-6.5803043e-02,-5.2418138e-02,-2.5967808e-02,5.2281413e-02,8.4177290e-02,2.1269274e-02,1.0336688e-01,-3.0115900e-02,6.1827064e-02,-5.2347680e-02,-6.1251577e-02,7.7712087e-02,-7.4213315e-02,-9.0764808e-02,4.4918047e-03,-1.0747114e-02,-9.4532036e-02,-8.0599160e-02,-1.4377778e-01,-5.2657556e-02,2.0549952e-02,-3.0254086e-02,8.0111864e-02,9.7880216e-02,1.0268269e-02,9.5696137e-02,-3.1162842e-02,-1.1586871e-01,3.2372826e-02,2.4057151e-02,1.2644376e-02,-8.7618755e-02,-4.4934962e-02,-5.0547823e-02,1.4807149e-01,-1.0728618e-01,-1.2335042e-01,5.3313232e-02,3.9532919e-02,1.1968167e-01,1.5638832e-01,8.2511198e-02,-4.1023496e-02,3.6272806e-02
-7.9027296e-02,4.7940983e-02,-7.0824238e-02,-5.2197382e-02,-8.2527046e-02,-1.2174550e-01,1.1927086e-01,-6.5641030e-02,9.6533007e-02,-2.2039978e-02,-1.3682599e-01,1.9881264e-02,-1.4392738e-01,-1.2118367e-01,-6.5255100e-02,1.1464049e-01,9.0490224e-02,5.9292287e-02,-5.1046988e-02,1.0831877e-01,-4.0662800e-02,9.9973869e-02,-6.2307285e-02,7.8440759e-02,-1.0751391e-01,-1.4487753e-02,8.8029250e-02,-1.5725117e-02,1.1366569e-01,5.7867975e-02,-7.1756373e-02,6.9466764e-02,-4.3358248e-02,6.0971640e-02,1.1061911e-01,5.1649962e-02,-3.8856228e-02,1.3346925e-01,-1.1223442e-01,-5.9460590e-03,-5.5024862e-02,-6.2562504e-02,-1.4367092e-02,-1.0385802e-01,4.0261352e-02,9.0972016e-02,1.3488944e-01,-8.6740828e-02,4.4448713e-02,7.9047079e-02
-1.0967289e-01,7.9195356e-02,-3.0097568e-02,1.7580556e-02,-2.2861508e-02,-1.1554026e-01,-1.8059297e-02,2.0284368e-02,-1.2625824e-01,-1.7840902e-01,4.6194192e-04,-5.4647651e-02,-7.4778179e-02,4.8547086e-02,9.4749574e-02,-2.8687147e-02,1.1956513e-01,-9.4997009e-02,9.0440469e-02,-8.6959036e-02,-4.5694769e-02,-5.9140533e-03,6.2233048e-02,-7.8972358e-02,-4.0076010e-02,9.5911150e-02,-6.9376926e-02,-2.6096356e-02,1.1137768e-01,-7.7043944e-03,-3.3720704e-02,1.0488754e-01,1.2788982e-01,1.1028090e-01,-5.1809249e-02,-1.0326548e-01,-9.1824897e-04,6.3417307e-02,2.9602353e-02,6.2645673e-02,-1.2644172e-01,1.1772189e-01,-8.7424397e-02,4.4533938e-02,-2.8251061e-02,-3.8702443e-02,8.0109390e-02,-1.7576908e-01,2.2912672e-02,5.4143489e-02
2.4559373e-02,1.5889656e-02,-5.4524912e-02,1.7584568e-02,-4.4596143e-02,6.3642103e-03,2.6440509e-02,-6.3180840e-02,4.8743318e-02,-9.8765607e-03,-3.5761087e-02,-6.7847490e-02,7.1998905e-02,-1.2672353e-01,9.5573473e-02,9.9759177e-02,-1.3034547e-01,1.1151040e-01,2.9007241e-02,-1.0246073e-01,1.0436045e-01,-1.0687075e-01,-1.2403190e-02,-8.5954213e-02,3.7610584e-02,4.8407778e-02,-1.2934445e-01,1.3059574e-01,9.6517912e-02,2.9709009e-02,2.4508585e-03,1.1424209e-01,1.1700650e-01,9.0731265e-02,-7.7964218e-02,6.3718920e-02,-5.5873231e-02,-1.7637792e-04,4.8735394e-02,1.1723303e-01,-1.2705465e-01,1.1569520e-01,-2.7826390e-03,3.5712162e-02,8.7098589e-02,-1.0830993e-01,1.5999951e-02,8.0598729e-04,-1.1347567e-01,3.9773218e-02
-7.5251862e-02,1.4200601e-01,-2.8634828e-02,3.0790823e-02,6.6190808e-02,-1.2290669e-01,-6.3385010e-02,3.2612105e-02,-1.3554414e-01,8.0167990e-02,-9.3674522e-02,3.9016204e-02,1.0479861e-01,6.0901279e-02,3.5034533e-02,-2.1540789e-02,1.0202199e-02,4.4720858e-02,1.6409960e-01,1.2760741e-02,-3.5433423e-03,2.8160875e-02,-7.7140886e-02,-1.1445708e-01,-1.2896651e-01,4.9424730e-02,-7.0092315e-02,-8.6544118e-03,1.1554693e-01,1.4053743e-01,7.3653885e-02,5.8774080e-03,-1.0028978e-01,5.5946205e-02,-4.2093828e-02,1.2820651e-01,-1.3827167e-01,-1.3067094e-02,-1.2828141e-01,-8.9485082e-02,-1.3153378e-01,1.0980021e-01,-6.4217783e-02,-1.1201526e-01,-9.1884586e-03,-6.1721889e-02,-1.0104100e-01,5.9527707e-02,5.2226660e-02,-6.1161716e-02
-4.9437274e-02,5.3278946e-02,-6.0309780e-02,-2.6635911e-03,1.4128517e-01,-5.7133066e-02,7.3663961e-03,-9.1294826e-02,-7.3195488e-02,2.0949813e-02,5.5591381e-02,4.2656297e-02,5.7298986e-02,1.3330880e-01,-1.2238614e-02,9.2929366e-02,-2.3407486e-02,1.2614909e-01,-1.3207706e-01,-6.0295477e-03,3.2273526e-02,-1.2255452e-01,2.9563816e-02,-7.2501037e-02,8.3345920e-02,2.4709981e-02,1.3472879e-01,5.5260013e-02,4.0708022e-02,-3.2674962e-02,-2.1954105e-02,-1.0685198e-01,1.9627389e-02,1.4782914e-01,1.1605332e-01,4.9762489e-02,2.0249954e-02,9.2239805e-02,5.4758507e-03,-5.9496552e-02,-1.3763694e-01,1.0154789e-01,-1.3626320e-03,1.2672660e-01,-3.9743598e-03,-6.6872934e-02,1.2330768e-01,1.2811360e-01,-1.2289309e-01,7.8568573e-02
-1.5663312e-01,1.0678254e-01,6.7553624e-02,-3.2761454e-02,-7.9727515e-02,-1.6915498e-02,-5.9590798e-03,1.5892898e-01,-1.0923244e-01,9.7978044e-02,-1.2554657e-01,1.3857417e-01,1.0134852e-02,1.6240263e-02,-5.6086077e-03,-8.1601916e-02,-8.3058217e-02,-1.1080368e-01,5.7535770e-02,6.4299536e-02,-7.1880539e-03,4.7626002e-02,1.0055482e-02,4.4931870e-02,7.7051624e-02,1.0636904e-01,-4.5935011e-02,3.2660100e-02,1.2166297e-02,-1.2000259e-01,-9.7374420e-02,1.2333316e-02,7.6418369e-02,7.2872031e-02,-8.5982656e-02,-4.6158186e-02,-3.2954394e-02,-1.2178968e-01,1.1046500e-02,3.6959302e-02,-4.5573979e-02,-7.1373759e-02,-1.2543726e-01,1.0866917e-02,7.1160475e-02,-7.5582229e-02,-1.0276135e-02,-5.8580988e-02,-7.4852239e-02,1.0951332e-01
-1.3550094e-01,6.2262883e-02,-1.3001856e-01,1.5179566e-02,5.2108233e-02,1.4528088e-01,4.5662567e-02,-3.5531158e-02,1.2889255e-01,-7.7437719e-02,-3.8322959e-02,3.6426676e-02,-1.0677682e-01,-6.0142559e-02,1.0965309e-01,1.2001592e-01,1.4789700e-01,-1.1803185e-01,-9.0550480e-02,6.7486369e-02,-5.3040742e-02,-3.9314250e-02,3.0426257e-02,1.3352987e-01,-3.5514550e-02,-1.0861934e-01,3.9512069e-02,-1.1851761e-01,-4.2567307e-02,9.1914914e-02,1.4710537e-01,8.0946777e-02,3.7645202e-02,-6.8045018e-02,1.0271584e-01,-1.2955863e-01,1.0296077e-01,-5.5085058e-02,2.2217348e-02,5.0731023e-02,-1.0629057e-01,1.0844942e-01,-6.1723887e-02,1.2382070e-01,1.3441478e-01,1.5486218e-01,-1.4116864e-02,-9.8426732e-02,5.9895485e-02,6.0624377e-03
-1.0414270e-01,1.0268536e-01,-7.5420594e-03,1.3085675e-01,-7.3170922e-02,-1.2642434e-02,1.4638467e-01,-2.0403349e-02,2.6844971e-02,-3.8567199e-02,4.2377297e-02,2.5719743e-02,1.3455635e-01,8.1776465e-02,2.7898020e-02,8.4390758e-02,8.1460293e-02,-1.2166611e-03,1.5381578e-01,7.5275331e-02,-9.0912239e-02,-1.1504988e-01,1.1881191e-01,-1.2032396e-01,8.2832934e-02,-1.1790661e-02,1.6100805e-02,1.1566725e-01,-7.6146278e-02,3.3969254e-03,-6.3380410e-02,8.6667036e-02,1.3795052e-01,-7.9840533e-02,2.8432500e-02,1.7096171e-02,2.1501107e-02,-4.3114767e-02,6.7301501e-02,-1.0664151e-01,-1.8420813e-02,-1.1097731e-01,1.4665328e-01,1.1184368e-01,1.3434837e-01,7.6295815e-02,-6.6769468e-02,-9.1928877e-02,9.5079537e-02,7.9106787e-02
7.6901003e-02,-5.4548896e-02,1.2712103e-01,-1.3418528e-01,-7.8798119e-02,9.1411742e-02,1.0160598e-01,-1.6288809e-02,-9.4654184e-02,9.4065877e-02,1.3693046e-01,-5.8983090e-02,-1.2282011e-01,-1.1636180e-01,9.2381586e-02,-3.8400102e-02,-4.2276099e-02,-1.2693091e-02,1.2877149e-01,9.5879559e-02,1.3408929e-01,-4.6440245e-02,4.8879774e-02,-3.0473513e-02,8.2959931e-02,2.4445717e-02,1.8126084e-01,-4.4564193e-02,8.5490233e-02,-1.0883084e-02,1.3087495e-02,-6.9138234e-02,1.7167694e-01,7.5035947e-02,-6.4068870e-02,-1.2603282e-01,1.0292082e-01,-7.2883847e-02,-9.3589564e-02,8.4491085e-02,1.4377515e-01,1.1319994e-01,1.4087493e-01,7.8766484e-02,-1.2082745e-01,-2.1357552e-02,-1.3936526e-01,-5.5305531e-03,-1.3313948e-01,-1.1212778e-01
4.7230644e-02,-5.3095678e-02,-4.0213492e-02,4.2916391e-02,-8.8112969e-03,1.1501097e-01,3.0966751e-02,1.3826417e-01,-9.2934128e-02,2.4076854e-02,3.8028969e-02,3.0802664e-02,-3.2247411e-02,-6.2892144e-02,-1.0226272e-02,7.4063318e-02,-6.5635176e-02,1.0070756e-01,-8.9994122e-02,8.6756283e-02,1.3942822e-02,9.5933858e-03,-1.5750323e-02,9.4709787e-02,3.8851834e-02,-1.3241051e-02,1.2932471e-01,4.4409836e-02,6.9785880e-02,9.4868345e-02,8.1509790e-02,8.2935434e-02,7.0929593e-02,5.2998445e-02,-4.8836337e-02,-1.2223957e-01,1.1378622e-01,8.5036534e-02,7.2249679e-02,-5.7565605e-02,7.8537228e-02,1.2328691e-01,7.2580501e-02,-1.5263093e-02,-5.4169281e-02,1.6740002e-02,6.3440011e-02,6.4283269e-02,-1.1427251e-02,2.4604149e-02
-7.1591538e-02,1.1743873e-01,-1.2726248e-01,-1.3408166e-01,2.5904170e-03,-1.3425298e-01,1.0977645e-01,1.3823027e-01,-6.8881263e-02,-4.6789125e-02,8.0379042e-02,-1.3394940e-01,-6.8998111e-02,-3.3932281e-02,-6.4200213e-02,-1.2166420e-01,1.3665937e-01,9.6864468e-02,5.9616374e-02,-2.5038345e-02,-1.2651594e-01,1.5947968e-02,-4.2714056e-02,1.0472335e-01,-1.2408218e-01,7.4661444e-02,9.4304236e-02,-1.2109334e-01,7.7318329e-03,-1.3254756e-01,-6.5368140e-02,-3.0120627e-02,-1.0641488e-01,5.5937700e-02,4.6030484e-02,3.1279945e-02,-9.6335014e-02,7.6036390e-02,-5.8518701e-03,-1.7475525e-02,-1.2913708e-01,1.3271811e-01,-1.3593297e-01,-1.3400351e-01,-1.2113916e-01,-8.4669287e-02,-9.3566146e-02,1.2238807e-01,-7.6085510e-02,-1.0681344e-01
-1.0090592e-01,1.1125305e-01,-3.5005258e-02,7.6320998e-02,-5.8040209e-02,-3.2940465e-02,2.1355590e-02,4.8294501e-02,-4.0620737e-02,-5.0875446e-02,-5.6498726e-02,-4.1055014e-02,4.2267907e-03,-7.1319251e-02,1.4316756e-01,2.6432648e-02,-8.0559740e-02,-4.9531377e-02,-8.2393283e-02,-1.0796956e-01,7.7643599e-02,-5.7795074e-02,1.0150988e-01,2.7110730e-03,5.6125367e-02,-4.3706798e-02,7.9065144e-03,1.0015718e-01,4.1534929e-02,7.0637191e-02,7.3169205e-02,4.6968282e-02,-1.2547693e-01,7.2715826e-03,-1.8292763e-02,-3.3194583e-02,-1.0909213e-01,-1.0237459e-01,-1.2892516e-03,8.8287578e-02,1.1840087e-01,2.5145852e-02,-1.3191969e-01,1.8474062e-02,-5.1319461e-02,-2.8202742e-02,-3.1404351e-03,-7.8532340e-02,-4.4897280e-02,1.0141253e-01
-1.9872162e-02,1.3262891e-01,-1.0031678e-01,-2.8395303e-02,7.6172580e-02,-3.3266593e-02,6.9917147e-02,8.6157525e-02,-1.0840235e-02,-1.9859885e-03,-1.0364592e-01,-5.9184958e-02,-1.4050445e-01,1.4259432e-02,6.1226448e-02,3.7078288e-02,-2.1068395e-02,-4.6060398e-02,-5.1875002e-02,8.3501629e-02,-1.3403815e-01,4.8308324e-02,1.3151254e-01,-9.2525842e-02,-9.5033838e-02,6.4311115e-02,1.2323669e-01,-9.5845344e-02,-4.6409286e-02,4.9137969e-02,-8.7456620e-02,3.3368976e-03,3.6652267e-02,-1.3202358e-01,-4.4575495e-02,-1.5813396e-02,-1.2897421e-01,-1.2947092e-01,-7.4355610e-02,2.3504021e-02,8.4936287e-02,-3.8635770e-02,-6.1491051e-02,-7.7750651e-02,-6.9295460e-02,2.4619947e-02,-3.0870757e-02,1.2947585e-01,-2.6920756e-02,4.8614698e-02
2.4563956e-02,3.1840117e-02,1.4627674e-01,2.3050549e-03,-6.4071058e-03,-8.3384929e-02,7.3417072e-02,3.0682021e-02,-1.1989815e-01,-3.7981209e-02,-3.5397815e-02,5.3830512e-02,-1.1378406e-01,3.4675315e-02,-1.4259658e-01,-1.1168929e-01,-8.3983228e-02,8.5794831e-02,1.0542979e-01,9.0112351e-02,-2.3944583e-02,-4.7374173e-02,-1.3492298e-01,6.3513887e-02,-1.2588469e-02,-1.8043514e-02,7.8550213e-02,-6.2340759e-02,1.4263519e-01,-1.3922691e-01,9.3659109e-02,-9.1130492e-02,-1.2923127e-01,-3.3316346e-02,-3.5172885e-02,4.3741935e-02,1.3010099e-01,-1.2573276e-01,-8.7332748e-02,-8.2133669e-02,7.6997051e-03,7.7901541e-03,-5.0722160e-02,7.2277118e-03,-1.6473949e-01,-1.5023973e-01,-6.0055984e-02,-1.3646739e-02,-4.8260438e-02,9.0499987e-02

-1.3962536e-01,1.1007512e-01,-1.4510111e-01,-4.4373328e-03,1.7100849e-02,-6.5515604e-03,-4.2788069e-03,6.5763443e-02,1.1471327e-01,1.3031842e-01,1.1077809e-01,-1.3618832e-01,-1.3845716e-01,-4.1870647e-02,4.8100758e-02,-9.8983960e-03,2.8226623e-02,2.2815708e-02,7.1813889e-03,2.0167056e-02,1.3756393e-01,-5.0145432e-02,-2.7328183e-02,1.4021441e-01,1.0851844e-01,-1.2255847e-01,-5.9313510e-03,5.1975310e-02,-3.7803366e-02,-8.4085048e-02,5.9454281e-02,4.3813571e-02,1.0259104e-01,-6.1208617e-02,7.7295926e-02,1.1993466e-01,1.2717124e-01,-1.2539638e-01,-4.6640205e-03,8.6335182e-02,1.2320312e-01,5.6201471e-02,4.0972295e-02,2.2885724e-02,-5.3023437e-02,-6.1154560e-02,-1.3591561e-01,1.0585267e-02,-4.1688872e-02,8.6470890e-02,-6.0908306e-02,9.4062497e-02,-6.9838476e-02,6.5110597e-02,-3.1069517e-02,4.8110713e-02,-3.9915630e-02,3.6795505e-02,-7.2747296e-02,-6.0515841e-02

1.2200812e-01,-2.9994177e-02,7.4425302e-02,-8.9118202e-02,1.1301738e-01,-9.4779197e-02,4.9074858e-02,1.2867910e-01,-8.0467298e-03,-5.4257073e-02,-2.0685889e-02,6.1591797e-02,-1.1604824e-01,7.7852289e-02,1.2057863e-01,1.3355246e-02,1.0161089e-01,-1.1365426e-01,-3.2527412e-02,-8.4644339e-03,-1.1477642e-01,4.0920224e-02,3.5287338e-02,8.0614427e-02,-7.8789627e-02,6.3715654e-02,7.0001246e-02,4.1167253e-02,-5.5225649e-02,-2.4973674e-03,2.2697490e-02,-1.4558014e-01,6.7107395e-02,-5.2972452e-02,1.1974462e-01,-7.5633176e-02,-2.0871182e-02,7.6180703e-02,-7.0762373e-02,-6.9404360e-02,-3.1204347e-04,4.6807230e-02,-1.3768685e-01,8.6317902e-02,3.0642367e-02,-1.2417210e-02,7.1105438e-04,-4.9389533e-02,9.1981567e-02,1.3093718e-01,-7.1140893e-03,1.0424873e-01,-5.2959934e-02,-5.0284527e-02,-1.1599067e-02,-8.2620524e-03,8.3006951e-02,-1.3064042e-01,-1.0783679e-01,2.1977230e-02
5.8482966e-02,-1.1275273e-01,-4.5390022e-02,1.8472868e-02,5.5581360e-02,5.7745173e-02,-1.2652159e-01,1.2807471e-01,3.9025439e-02,-4.1367093e-02,-4.3908663e-02,-9.0699425e-02,-9.6453271e-02,5.3550416e-02,-6.2036512e-02,5.1155962e-02,-1.4110705e-02,-1.6943708e-02,1.1133729e-01,-3.0192666e-02,-7.3032973e-02,2.5458884e-02,3.5520608e-02,1.0467186e-01,-1.0686777e-01,1.2518479e-01,5.4383893e-02,-9.7892450e-04,-5.2881097e-02,1.1572333e-01,6.0846762e-02,-1.8275390e-02,8.7814036e-03,1.2428935e-01,8.3431629e-02,8.7069038e-02,4.9476315e-02,8.6278300e-02,6.7805814e-02,4.7239974e-02,7.0867954e-02,9.0475450e-02,-4.2492736e-02,-4.3123488e-02,-1.1015713e-02,2.0538432e-03,1.1243805e-01,1.2941646e-01,-2.6496581e-02,-1.2035824e-01,-3.3503750e-02,2.6982530e-02,1.4009736e-01,-1.7112043e-02,7.9809392e-02,1.0805671e-01,1.2762833e-02,-1.4457147e-02,1.0490739e-01,-1.0254296e-02
1.6791019e-02,3.0274772e-02,-9.7621577e-02,7.5929388e-02,5.1415107e-02,-3.1250959e-02,5.0095633e-02,-7.4163854e-02,-3.7479912e-02,-5.6775132e-02,-1.0267555e-01,1.1611591e-01,-1.1980368e-01,-1.1935433e-01,1.2861223e-01,5.8222371e-02,-6.0034152e-03,-4.5260302e-02,3.6911951e-02,1.7328261e-02,3.3721390e-02,1.1846420e-01,-1.3590106e-01,1.2666879e-01,-1.1453148e-01,1.1776679e-01,9.7461511e-02,1.0509512e-01,6.3009806e-02,-4.8755722e-02,3.4527860e-03,5.6990182e-02,-1.8688562e-02,1.0953063e-01,-8.8060063e-02,-2.4872256e-02,1.0847880e-01,6.8927974e-02,4.5393144e-03,3.2963050e-02,1.2677826e-01,9.3521684e-02,-1.3336893e-01,-3.4131081e-02,9.8380928e-02,2.4475717e-02,2.4485925e-02,-7.6611974e-03,-1.0496746e-01,1.7918225e-02,1.0859683e-01,4.2081784e-02,8.9503308e-02,6.0707464e-02,1.1990000e-01,-2.0929049e-02,-2.9685354e-02,-9.7923577e-02,-3.2533030e-02,9.3974333e-02
-2.3681866e-02,-9.0132507e-02,1.2459618e-02,-5.3182508e-02,-1.1914543e-01,4.3221930e-02,-1.2467621e-01,-1.0164361e-01,-1.2715739e-01,-1.1636656e-01,2.8754160e-03,8.3329692e-02,1.2225607e-01,4.9769710e-03,-2.0653111e-02,-1.1162725e-01,-6.0604006e-02,5.8053870e-02,-5.9385881e-02,-5.9564999e-02,4.9112568e-03,-8.3115851e-02,6.2366610e-02,1.2207849e-01,-2.4052413e-02,3.2504888e-02,-1.0265970e-02,-5.3117498e-02,8.4699046e-02,-1.2730113e-01,-6.1572881e-02,2.1853264e-02,-8.7864024e-02,-1.5146393e-02,-5.4654683e-02,-2.4522744e-02,-8.5490686e-02,-8.0082166e-02,1.1914806e-01,-1.0002015e-01,1.1293452e-01,5.3617014e-02,7.3456309e-02,-2.4637414e-02,1.6607132e-02,-1.2536565e-01,-1.0500338e-01,-6.3054832e-02,7.9268714e-02,-7.0032873e-02,-1.9783657e-03,-1.2236232e-01,6.3749250e-03,1.0521176e-01,-5.6874979e-02,-5.0345771e-02,9.9965910e-02,-1.2106888e-01,8.3065812e-02,-5.9759935e-02
1.1541227e-01,-3.0342562e-03,2.5647445e-02,-9.6459519e-02,8.2361592e-02,-6.0885436e-03,7.3567301e-02,1.4138804e-01,-8.4672811e-02,-9.8057148e-02,2.9693971e-02,4.6612709e-02,-7.8916746e-02,-7.0035740e-02,-1.2240246e-01,3.6340491e-02,1.6462387e-02,7.5317367e-02,3.1840232e-02,6.7151208e-02,6.6568475e-02,-1.5235529e-03,-6.8688883e-03,7.6800159e-02,-5.3373985e-02,-7.0592356e-02,8.5051889e-02,7.9451442e-02,-4.5437951e-03,5.9174832e-02,1.1719723e-01,6.7295646e-02,-5.4625837e-02,-3.4618361e-02,-5.7609301e-02,7.2515854e-03,-7.3528658e-02,-1.0459340e-01,-9.8447857e-02,1.0858318e-01,3.7729394e-02,-6.8385552e-02,4.5706028e-03,-2.2186597e-02,-3.9351492e-02,-2.8830999e-02,-1.5774341e-02,-8.2414621e-03,-6.4210058e-02,9.8910346e-02,-4.6747493e-02,-6.6721490e-02,3.9525923e-02,1.1579872e-01,-6.7125180e-02,2.8308746e-02,4.4822342e-03,-6.1457221e-02,1.8903215e-02,1.2728691e-01
-5.1899276e-02,4.8032442e-03,3.8883044e-02,9.6216167e-02,1.1684493e-01,5.5579000e-03,-7.1155327e-02,6.8260979e-02,7.3329486e-02,-1.1059145e-01,6.1776451e-02,-8.0338791e-02,-4.4241841e-03,-1.0968834e-01,-5.5880282e-02,2.7028964e-02,-1.3487090e-01,-1.2231805e-01,-1.0673572e-01,-4.7703969e-02,6.5351355e-02,-2.1871997e-02,-9.7775275e-04,-1.2254159e-01,1.0368163e-01,8.3763459e-02,-5.2852630e-02,-1.1909401e-01,-9.6333451e-02,-4.5662012e-03,1.6402174e-04,3.0122400e-02,1.1648720e-01,-8.6299936e-02,-1.3604685e-02,-7.4808318e-02,-1.2317481e-01,-4.2149917e-02,8.3683608e-02,8.3298612e-02,-9.6368421e-02,1.5346772e-02,3.6330598e-02,9.9836390e-02,-7.9435212e-03,2.9944166e-02,-9.4453422e-02,-8.3881820e-02,3.2590682e-02,7.5453184e-02,-2.7934778e-02,-1.0394334e-01,8.6008135e-02,-1.0752706e-01,5.3037438e-02,-8.0444758e-03,-1.7729825e-02,6.1587514e-02,-5.4337074e-02,-5.2079266e-02
3.6767776e-03,1.0281951e-01,8.9501077e-02,5.6365921e-02,-9.1989631e-02,-7.4524268e-03,1.3296332e-01,-6.1559039e-02,-6.5958078e-02,1.1237655e-01,-2.9954808e-02,-1.2076712e-01,-1.0420467e-01,-1.1014272e-01,5.3277556e-02,-2.3331409e-02,-5.0388120e-02,1.2414350e-02,6.9437040e-02,3.7676698e-02,1.1047033e-04,8.4398828e-02,-1.0667988e-01,1.3767398e-01,2.1113627e-02,-1.0400976e-02,-1.0617304e-01,-1.1278781e-01,-1.3133949e-01,6.4552153e-02,-1.2075082e-01,3.1955059e-02,-7.1312003e-02,-1.0885475e-01,8.2837488e-03,-9.5639840e-02,-9.5331609e-03,5.0950138e-02,3.7379737e-02,3.5140822e-02,-8.4108397e-02,9.6409412e-02,-6.7182530e-03,4.7478045e-02,5.0585327e-02,7.2321010e-03,7.5476629e-02,-1.2039050e-01,6.5137040e-02,9.1320260e-02,-7.1875576e-02,-3.6835190e-02,2.1242324e-02,1.8204337e-02,3.7353504e-02,-1.2014154e-01,5.4878447e-02,-3.5155722e-02,1.6373990e-02,1.2003933e-01
7.2656447e-02,-1.0191717e-02,-1.5964366e-03,9.9460672e-02,6.5294109e-02,-1.1179361e-01,7.6434634e-02,-6.0168191e-02,4.7649999e-02,-5.7641774e-03,-8.4655657e-02,1.0679045e-01,8.7901740e-02,-7.4646139e-02,-1.7265316e-02,-1.2144528e-01,7.4411623e-02,-2.1803301e-02,-1.2703989e-01,-1.1511082e-01,5.0641954e-02,-2.3287683e-02,-9.6263501e-02,6.2110552e-02,-6.8087429e-02,2.9678170e-02,-9.3896570e-02,-1.0480096e-02,-1.4182366e-02,-7.1968726e-02,-2.1645812e-02,4.9839633e-02,1.0633913e-01,-8.9934671e-02,8.0098173e-02,-8.2940554e-02,9.6846158e-03,-4.0561815e-02,-1.1357244e-01,-3.7217291e-02,-6.3944833e-02,7.9914784e-02,-5.2110242e-02,-2.6086769e-02,5.3561209e-03,8.9097735e-02,-1.2645744e-01,3.5908979e-02,-1.6448848e-02,3.0122391e-02,-7.6908310e-02,9.4763101e-02,-1.1641236e-01,5.1951381e-02,-5.8418033e-02,5.0558598e-02,-1.0855616e-01,-1.0551135e-01,1.3546825e-02,-4.2908955e-02
3.4401735e-02,5.1745956e-03,-1.8117011e-02,-8.5306886e-02,-4.0049406e-02,7.7537562e-02,3.9866880e-02,-4.8584277e-02,6.1905369e-02,1.9811379e-02,2.1862014e-02,1.5159128e-02,4.7479857e-02,1.2961806e-01,-8.3511010e-02,1.2159347e-01,-6.4378007e-02,8.1311891e-02,4.7818401e-02,8.5490797e-02,-2.5014317e-02,-1.0648385e-01,-9.2612582e-02,2.1210931e-02,1.1605484e-01,-1.5840309e-02,-4.6579827e-02,-3.8416833e-02,-9.0848674e-02,-8.1922566e-02,2.3062845e-02,6.9229754e-02,-1.7490909e-02,-1.4185498e-01,8.4944936e-02,2.0405105e-03,-8.3829238e-02,-7.2325362e-02,-1.0409545e-01,8.6036813e-02,-1.1918658e-01,7.2868879e-02,1.1551551e-01,8.8941655e-02,2.9176790e-02,7.7823776e-02,3.2907833e-02,9.4645074e-03,1.0665837e-01,9.3566537e-02,2.0837416e-02,-1.1316617e-01,2.1811631e-02,-6.3320620e-02,-1.0548930e-01,1.1703942e-01,-1.3498073e-02,-8.1943768e-02,-2.4003903e-02,5.5256232e-02
-1.9895250e-02,4.0785546e-02,-6.0204473e-02,5.2257392e-02,3.8086431e-02,3.9504804e-02,-1.2298464e-01,4.6555374e-02,1.2177458e-01,-6.5420336e-02,-8.4506396e-02,7.3872161e-02,-1.2334889e-01,6.0839965e-02,-9.2030111e-02,-1.0395042e-01,-7.0954470e-02,-2.5844505e-02,2.0840380e-02,-9.6000964e-02,-1.3412339e-02,-1.5173820e-01,8.7390938e-02,4.5351317e-02,-6.4435913e-02,4.4282303e-02,1.9612537e-02,5.6013920e-02,1.1082210e-01,5.4105881e-03,-1.1063246e-01,-1.2976763e-01,-9.5744741e-02,-1.3054593e-01,-8.8543811e-02,1.0396859e-01,1.1484797e-01,-7.6452119e-02,-3.9717080e-02,-6.0272405e-02,7.3396159e-02,1.1082013e-01,-9.7441465e-02,1.1004532e-01,-6.3591650e-02,5.4032251e-02,4.5355571e-02,2.8602047e-02,1.2207907e-01,-1.0415912e-01,5.1506395e-02,-5.6764992e-02,-8.8735904e-02,4.5883122e-02,1.2095869e-01,1.1893592e-01,-9.9038801e-02,4.1914449e-02,-9.3545894e-02,-1.9583186e-02
-9.2549152e-02,6.4335368e-02,-1.2226247e-01,-5.9985716e-02,-2.8508222e-03,-5.1169212e-03,4.5380883e-02,-1.3254456e-02,4.9458370e-02,2.9701640e-02,-1.0453156e-01,7.7931636e-02,-8.4692088e-02,9.1149595e-02,4.9908383e-02,-6.7066538e-02,-1.2707020e-01,-8.3030359e-02,-5.8162070e-02,3.6999398e-02,-1.4872999e-02,3.9771510e-02,-1.1628384e-01,2.4157519e-02,1.1452267e-01,-9.8022905e-02,-2.4790760e-02,-6.6409647e-02,9.0269451e-02,1.2502710e-03,7.7480825e-04,-3.4959125e-02,5.8349088e-02,-1.3566625e-01,-8.4602296e-02,1.3097659e-01,1.0683257e-01,8.0150081e-02,4.2624125e-02,1.2221840e-01,-1.4970990e-02,-1.1789415e-01,1.0934816e-01,-5.9709185e-02,7.3965765e-02,-5.9384809e-02,1.3081118e-04,7.7318476e-02,-6.3485305e-02,1.2137996e-01,-1.5413489e-02,4.9764796e-02,1.0964463e-01,1.1692897e-01,5.6661114e-02,1.2585105e-01,-8.4510402e-03,-6.3116606e-02,6.6076560e-02,5.6717342e-02
-4.1036872e-02,-9.7511331e-02,-1.0982640e-01,-4.2281973e-02,3.6284441e-02,2.3670573e-02,9.0047724e-02,-6.0311714e-02,-6.1648693e-02,-3.7401257e-02,1.0820909e-01,-1.0558163e-01,1.0541839e-01,7.0080333e-02,-8.2504466e-02,9.5994988e-02,1.0457602e-01,7.0025995e-02,-7.2884655e-02,-4.6740770e-02,-1.1492701e-01,-1.1458862e-01,1.2950229e-01,-7.6464051e-02,2.0539968e-02,5.0690978e-02,-3.5998246e-02,-1.2638829e-01,2.3556644e-02,3.9931319e-02,-7.5995707e-02,2.0130506e-02,-1.2265866e-01,-9.3960846e-02,-5.0885013e-02,-1.0472775e-01,-3.4761864e-02,-1.1204504e-01,3.1897066e-02,1.1653528e-02,-6.5290419e-02,-3.4315965e-02,-2.1480929e-02,-4.3381928e-02,4.8083879e-02,3.5841233e-02,-4.1632600e-02,2.7704816e-02,-7.1276773e-02,-8.7993430e-02,8.8046118e-02,-6.0825771e-02,-1.1238504e-01,1.2036632e-01,4.0389727e-02,-7.5669926e-02,-7.9229191e-02,7.0522511e-02,-5.8443110e-02,3.9417018e-02
9.9610353e-02,1.0855562e-01,5.1595092e-02,-1.0370475e-01,1.3785876e-02,-5.9085362e-02,-5.9282716e-03,-5.1675612e-03,2.5414194e-02,8.9655918e-02,3.8638045e-02,-1.0176901e-01,1.1499544e-01,-4.8432616e-02,2.9066395e-02,1.4673646e-03,-4.4991580e-02,-1.1738112e-01,7.3149042e-03,9.1932208e-03,8.3824371e-02,-2.1404543e-02,-6.9220164e-02,8.7696528e-03,-1.1860253e-01,-1.2291110e-01,-1.0283839e-01,-1.1636961e-01,-2.1411038e-02,-6.3031951e-02,-5.9288844e-03,4.6367815e-02,8.4835652e-02,8.7269842e-02,1.0912913e-01,1.1221030e-01,-7.4872523e-02,4.1491815e-02,-4.1132133e-02,9.7640409e-02,3.3714327e-02,5.2382951e-02,1.3025321e-01,7.1496118e-02,-2.8679587e-02,8.7299937e-02,-1.1839491e-01,6.9974243e-02,8.9965809e-02,1.8805483e-02,-6.8118848e-02,7.4388530e-02,1.1665125e-01,-1.1306429e-01,-1.0059031e-01,3.4455664e-02,-1.3245570e-02,-8.0941233e-02,-1.2455563e-01,1.1555601e-01
1.2649079e-01,-4.6427926e-02,1.1267403e-02,-8.3105712e-02,-1.2520480e-01,8.9770457e-04,8.1079065e-02,1.0325473e-01,-2.7249239e-02,-3.3972065e-02,9.6442202e-02,1.2618810e-01,-6.7183803e-02,-8.3749664e-02,-7.3933451e-02,6.6285384e-02,-5.8340352e-02,8.0616149e-02,2.5871965e-02,6.8511907e-02,9.6447119e-02,6.7178507e-02,-6.6990431e-03,-6.2333952e-03,9.6507585e-02,-3.5951989e-02,-8.4449550e-02,-9.6036983e-02,7.7951021e-02,-3.1119340e-02,-2.1099796e-02,5.4700562e-02,1.3592354e-01,-3.8918685e-02,-4.9741962e-02,3.3111724e-02,1.0005041e-01,3.3827228e-02,-1.7372739e-02,-5.9597861e-02,-1.7308948e-02,1.7336550e-01,-1.0784562e-01,1.1766072e-02,8.4767300e-02,1.2994792e-01,-2.9692971e-02,6.5002177e-02,-8.4021683e-02,7.7910785e-02,-1.8584358e-02,1.1463462e-01,-6.2132189e-02,-8.9993560e-02,-4.0026800e-02,1.1561158e-01,6.9716456e-02,-1.2992110e-01,-8.2004554e-02,4.2462134e-02
1.6502909e-02,8.9479984e-02,-1.5404730e-02,3.5125323e-02,9.1006957e-02,-5.1145371e-02,1.1140403e-01,-8.8168633e-02,2.4257210e-02,-3.8575017e-02,7.4319024e-02,-6.0150356e-02,4.8222338e-02,1.1333304e-01,1.3495437e-02,-6.2726079e-02,7.7951759e-02,1.3439677e-01,1.0784103e-02,1.2056445e-01,-9.3014071e-02,2.2428638e-02,-8.1804680e-02,1.2974710e-01,-7.6342270e-02,9.2668152e-02,2.6188077e-02,-9.7068435e-02,1.0095132e-03,2.0443069e-02,-6.7079837e-02,5.4835140e-02,-2.3069892e-02,1.0182891e-01,-3.7504405e-02,4.7347127e-02,-1.2263393e-01,1.2548588e-01,1.4173103e-01,-2.0319616e-02,1.9990303e-02,-1.1174336e-01,-5.9510770e-02,6.2322712e-02,-7.0121279e-02,6.9619544e-02,-7.9972575e-02,1.9081050e-01,-6.9331597e-02,6.9086295e-02,-5.1609742e-02,-6.7818808e-02,1.0878502e-01,6.1338123e-02,5.2215572e-03,-1.8626683e-02,-5.6086330e-02,1.6336366e-02,5.1461873e-02,2.2859854e-02
-1.1923497e-01,-2.2459903e-03,1.2760951e-01,-4.9846464e-02,7.9255144e-02,7.2622561e-02,-1.9188480e-02,-3.5998856e-02,4.9666448e-02,8.1923983e-02,-1.2522005e-01,-3.6517656e-03,4.2357089e-02,-6.3262362e-02,-5.3424050e-02,8.8695992e-03,-1.2550950e-01,1.1407279e-01,9.1598707e-02,6.8360021e-04,-1.0533082e-01,9.2573197e-02,6.1076429e-02,-5.5878171e-02,-1.2816869e-01,5.9957609e-02,1.1766731e-01,4.2632505e-02,6.6637365e-02,6.3763183e-02,8.0243651e-02,1.2524855e-01,-2.7387961e-02,-7.5891254e-02,4.0415271e-02,-4.2522884e-02,-8.9879137e-02,-5.0934368e-02,-4.4706118e-02,1.1108898e-01,-5.2711986e-03,-1.5877996e-02,-8.5061167e-02,5.8375470e-02,1.9480917e-03,2.7415189e-02,-7.5130840e-03,-9.0863949e-02,9.5591803e-02,-9.9557324e-02,1.1150306e-01,-7.7105572e-02,-9.8096157e-02,-2.2829207e-02,-3.9332365e-02,1.5634876e-02,-6.6299257e-02,5.4343567e-02,5.3933368e-02,-1.6516313e-02
1.0952031e-02,1.2546672e-01,2.2262252e-02,-9.8139743e-03,1.2574812e-01,-1.1085981e-01,1.2629710e-01,3.2725264e-02,1.2723685e-01,5.2499740e-02,-4.4508088e-02,7.1765718e-02,9.1774393e-02,-8.3631931e-02,6.0102107e-02,2.8456951e-02,1.0736237e-01,1.0294116e-02,-2.1481416e-02,-1.2396897e-01,-1.1207716e-01,9.2602369e-02,3.0216524e-02,-1.3209722e-02,-6.4822423e-02,9.4486859e-02,6.3137328e-02,-3.7158347e-02,7.4536999e-02,-5.7088479e-03,1.2410787e-01,8.8872798e-02,-4.5134806e-02,-1.2443976e-01,-6.2233253e-03,1.3255118e-01,1.1029091e-01,-1.2288168e-01,3.9081542e-02,-8.2182091e-02,-6.0071985e-02,5.0264079e-02,-6.5920036e-02,1.2304763e-01,-1.2893367e-01,8.8877774e-02,-6.6348098e-03,-4.8329097e-02,-5.0691043e-02,-4.9183338e-02,-1.0454731e-01,1.2350708e-01,-1.3646169e-01,7.4746406e-02,6.0173065e-02,8.4322191e-02,6.4857018e-02,5.8187515e-03,9.3558037e-02,6.9384021e-02
-2.9333283e-02,1.2062580e-01,-7.3327941e-02,-8.9190002e-02,-1.2502672e-01,-7.8794837e-02,-3.5264859e-03,-1.2555882e-01,-6.4217725e-02,1.2848165e-01,-1.1005088e-02,-3.7733114e-02,1.5001308e-03,-4.9605077e-02,-5.9684724e-02,1.0703191e-01,-9.9531717e-02,-9.8344222e-02,-6.6590557e-02,1.0195522e-01,1.2686413e-01,1.8438267e-03,1.0687677e-01,1.0910631e-01,9.9113642e-02,-5.8230780e-02,2.0444691e-02,-8.4593870e-02,-4.4724651e-02,-7.0621739e-04,1.0416074e-01,6.9916338e-02,5.1994548e-02,1.0340601e-01,-9.0221363e-02,1.0339308e-01,-1.2226986e-01,2.7935772e-02,-7.2422560e-02,4.0753742e-02,-1.7438073e-02,-1.1828842e-02,7.1476083e-02,4.6375488e-02,5.4837210e-03,1.3691360e-01,2.8417515e-02,1.3514667e-01,8.3509732e-02,2.1099593e-02,1.6461612e-02,-7.8927823e-02,1.2239410e-01,5.1674146e-02,-9.8493191e-02,-2.5304416e-02,7.4112810e-02,-9.8891982e-02,3.3861181e-02,-2.9033275e-03
3.2339603e-02,-2.4325377e-03,4.5915630e-02,8.9184830e-02,5.0589454e-02,5.4251294e-02,7.6086236e-02,-9.0198698e-02,-1.1566681e-01,1.1099943e-02,3.1146617e-02,2.1284976e-03,1.0300982e-01,3.6638103e-02,-7.4065582e-03,9.5164845e-02,-5.7749447e-02,9.4194173e-02,-2.6641426e-02,8.6103172e-02,-1.0673670e-02,1.2397040e-03,1.5305593e-02,-3.6468818e-02,-1.1241383e-01,-1.0098023e-01,1.1542564e-01,7.9577693e-02,-1.1675820e-01,5.2950763e-02,4.5262873e-02,6.5199170e-02,-1.0947900e-02,9.3076188e-02,-4.1259181e-02,-9.7011772e-02,8.5756436e-02,-1.6460353e-02,7.1330207e-04,7.1325895e-02,-1.0132725e-02,-9.4918246e-02,3.3314465e-02,-7.5453122e-02,4.4827695e-02,-1.2241051e-01,8.5428637e-02,-1.0709887e-01,2.3766506e-02,6.7174090e-02,-1.3868423e-01,1.0005210e-01,-7.8352948e-04,1.3919117e-01,-6.8357420e-02,-1.0691403e-01,2.2838183e-02,4.8144971e-03,-4.4596036e-02,-9.8713841e-02
5.2046825e-02,2.2208143e-02,-8.8289180e-03,-1.1818877e-01,-1.2516169e-01,9.4655540e-02,1.2299687e-01,-7.0624018e-02,1.3340592e-01,1.2312950e-01,7.1586149e-02,-4.6107555e-02,1.2499961e-01,-6.3785799e-02,1.0867792e-01,-1.2134504e-01,-8.5849383e-02,4.5994312e-02,-7.4817985e-02,-7.0214066e-02,3.8214264e-02,7.4705258e-02,-8.3746289e-02,-5.8097938e-02,-3.4449136e-03,-5.6408086e-02,-3.1426375e-02,-7.8748934e-02,9.7563867e-02,6.0866359e-02,-4.4269632e-02,5.6239858e-02,4.7135369e-02,-1.0489481e-01,1.1049042e-01,-7.3883776e-02,-1.5880557e-02,5.3386357e-02,-1.3386336e-01,1.2019487e-01,-4.2409877e-02,-5.0447947e-02,6.8797874e-02,8.9800595e-02,-5.7113033e-02,-2.1290442e-02,-1.2917330e-01,-1.7734237e-01,4.4345549e-02,-5.5924150e-03,-4.1324251e-03,4.9816958e-02,-1.2612851e-02,8.7580128e-02,3.0935147e-02,1.3153854e-01,1.7360003e-02,-5.6637855e-02,-6.6390374e-02,1.3601885e-01
-1.4130711e-02,-3.3421018e-02,-1.3405319e-02,-1.1686829e-01,-5.3156597e-02,-4.2123991e-02,7.4715528e-02,5.0724055e-02,-9.4588087e-02,1.1521246e-01,-4.7354554e-02,-8.3265455e-02,-4.9949230e-02,-9.7837956e-02,-8.3622127e-02,1.1230902e-01,5.9480289e-02,-7.6751952e-02,1.9115575e-02,-7.3832702e-02,-3.1823003e-02,-6.5337371e-02,-7.9648082e-02,-4.1032230e-02,7.1243181e-03,-9.3256572e-02,-2.4433562e-02,-9.5130768e-02,-7.4231777e-02,-4.0332518e-02,9.0124090e-02,-1.0591682e-02,4.1606965e-03,-8.4049398e-02,-1.7260047e-02,7.8240570e-02,1.3209114e-02,-3.3693217e-02,3.0415221e-02,-8.8257494e-02,-1.1598502e-01,5.3420890e-02,3.8197674e-02,9.6284007e-02,-1.1969099e-01,-4.8028579e-03,-1.2469586e-01,1.9206702e-02,1.1721514e-02,-6.4209076e-02,-1.1187302e-01,-1.2747899e-01,8.2370807e-02,-1.0231161e-01,5.1194075e-02,6.1431950e-02,3.9014397e-03,-1.8716372e-02,7.4800789e-02,1.7856325e-02
-1.1507495e-02,-1.2711799e-01,-8.8832687e-02,-4.7024216e-02,-1.1929208e-01,1.1750011e-01,9.3896586e-02,-1.0000109e-01,5.1237356e-02,1.1206580e-01,-9.6498292e-02,7.5950293e-02,-4.4929450e-02,-6.3886826e-02,1.0701683e-01,-1.1868862e-01,5.0520248e-03,1.1975592e-01,-8.3432315e-03,-2.5843588e-02,-6.2283691e-02,3.2327326e-02,-2.4101166e-02,-1.0874121e-01,2.3674675e-02,-1.1530359e-01,-6.0723907e-02,-9.1331160e-02,2.5677554e-02,-1.2634127e-02,1.6104051e-02,-6.6689110e-02,-1.1578990e-01,-1.1534884e-02,5.8204401e-02,-8.9254607e-02,1.0642278e-01,-7.9341418e-02,2.1959300e-02,1.1502345e-01,7.6372817e-02,9.5132776e-02,1.1263677e-02,-8.3507447e-02,2.8184374e-02,3.1723761e-05,-6.5899594e-03,-5.3354565e-03,9.4565605e-02,1.1589995e-01,9.6495354e-02,3.1529128e-02,1.2071687e-01,5.0859897e-02,-2.5160447e-03,-8.2932495e-02,1.0197528e-01,-1.2336935e-01,1.0952674e-01,3.2472204e-02
-9.3222277e-02,1.3444367e-01,-9.3276275e-02,-1.0900903e-01,-1.9167125e-02,-2.6937711e-02,9.1579082e-02,4.5265156e-03,-8.4532362e-02,-7.4648397e-02,-1.1923664e-01,8.5717573e-02,1.0820010e-01,8.9410646e-02,-6.5159493e-02,-1.0327767e-02,-7.3859827e-02,-5.3848723e-02,1.0668379e-01,-8.8020963e-02,-5.5782198e-02,-3.0519599e-02,-1.2784856e-01,-1.2227403e-01,7.5001246e-02,2.6987436e-02,1.2506602e-01,8.4818916e-02,2.2601388e-02,5.7713438e-03,-1.0339693e-01,-4.6237680e-02,1.0901979e-03,-1.0622955e-01,5.7200972e-02,-3.6013186e-02,7.2023622e-02,9.1253236e-02,-2.6080631e-03,9.2237257e-02,3.2675214e-02,-7.0504676e-02,1.0531473e-01,1.1202229e-01,2.0831022e-02,-5.3884061e-02,6.2238125e-03,3.6857950e-03,-3.8460557e-03,1.1014540e-01,-1.1152499e-01,-7.6677881e-03,-1.3902995e-01,9.9230462e-02,2.6957526e-02,1.0493648e-01,-4.3109318e-02,1.2020311e-01,1.1028341e-01,4.0306406e-02
-1.2550458e-01,-3.2794313e-02,1.0650953e-02,-5.3468476e-02,1.0112668e-01,9.7061595e-02,4.5940324e-02,1.8815372e-02,3.9481599e-02,-1.2104082e-01,-8.6374724e-02,-9.5389989e-02,8.3785010e-02,-1.2626506e-01,9.6474368e-02,6.3767768e-02,-7.1680249e-02,-1.1191109e-01,4.2514640e-02,1.2251390e-01,5.4068829e-02,-8.0431680e-02,-1.1544674e-01,-1.2528630e-01,4.3651358e-02,8.8674086e-02,1.2594020e-01,-4.4101228e-02,-1.1963717e-01,-4.3225438e-02,-2.6785964e-02,-1.2669235e-03,-9.5482430e-02,4.1903801e-02,-3.9326195e-02,-1.1370758e-01,-3.3649050e-02,3.5038311e-02,-2.0175826e-02,-2.5233182e-02,9.5165921e-02,2.9195765e-02,7.0006626e-03,-3.9464961e-02,1.5786461e-02,2.0669949e-02,-6.4325678e-02,-9.5356447e-02,-5.6334012e-02,2.2039367e-02,-2.4134006e-02,1.9096011e-03,-3.0735044e-02,-1.1407519e-01,-1.0489421e-01,-2.1177619e-02,1.0248072e-01,1.0341109e-01,9.8264443e-02,-7.3751203e-04
9.3214652e-02,6.1628836e-02,-1.0676649e-01,1.0211297e-01,9.5875833e-02,1.0885764e-01,-6.0372513e-02,-1.1884153e-01,3.2530801e-02,2.2653575e-02,7.6334226e-02,5.4946446e-02,1.2081003e-01,6.1022706e-02,-1.1055896e-01,-6.0769052e-02,-8.6389441e-02,3.6612539e-02,8.8612643e-02,4.3773896e-02,-1.1216669e-01,-5.6827553e-02,9.7765079e-03,-6.1266518e-02,-1.2755564e-01,-1.2840008e-01,-1.1309418e-01,5.6805895e-02,-7.8033244e-02,-9.2261350e-02,-8.4426352e-02,8.8336912e-02,-1.3621741e-02,-6.2601260e-02,5.9963657e-02,-2.3901566e-02,-1.0498506e-02,-9.1384241e-02,3.6791959e-02,5.4849224e-02,-8.5263889e-02,-6.9450227e-02,-1.0531287e-01,7.3226598e-03,-3.2433191e-02,-8.8533437e-02,5.6569379e-02,-6.5480399e-02,6.8281447e-02,-7.9037903e-02,6.0969027e-02,7.1399010e-02,-8.1814786e-02,6.7907555e-02,2.7507370e-04,4.2882067e-02,-3.9084824e-02,-1.1504092e-02,5.1954942e-02,-9.7603911e-02
-9.5257917e-02,9.7452555e-02,3.4279181e-02,-6.2413423e-02,-1.1341133e-01,6.6526046e-02,-9.6215266e-03,-1.8651363e-02,-8.8413649e-02,9.4196310e-03,-1.0081727e-01,7.9862607e-02,-1.0798391e-02,-2.1890803e-02,-1.7218366e-02,-1.2876636e-01,1.2209610e-01,3.3532544e-02,2.5311329e-02,2.2838918e-02,1.0910335e-01,1.1465652e-01,7.8738052e-02,-1.8610678e-02,6.8767549e-02,-3.3759222e-03,7.2296795e-02,1.3216618e-02,-9.7304400e-02,8.3207456e-02,-7.2925809e-02,-3.9601186e-02,1.7526218e-02,-2.4920825e-02,9.7368104e-02,-1.0187240e-01,2.8130123e-02,7.4096957e-03,-5.7620809e-02,5.4372902e-02,-1.2898902e-02,-1.7044448e-02,-6.7718496e-02,1.0985552e-01,6.2113945e-03,1.0016287e-01,-9.7183767e-02,-4.8349851e-02,-4.1359485e-02,-1.3327455e-01,-8.1305513e-02,-2.1874071e-02,9.6607050e-03,-1.5028994e-02,1.8776372e-02,7.5816732e-02,-1.1009794e-01,1.1733116e-01,9.6192144e-02,9.8725209e-02
1.0109025e-01,1.0344091e-01,1.2223183e-01,-9.8713795e-02,-1.1618418e-01,9.3781044e-02,-2.2797104e-02,4.7774025e-02,4.3284708e-03,-1.1009941e-01,2.7604453e-02,-1.7439291e-02,-9.8947096e-02,1.0181063e-01,4.0500772e-02,1.4505236e-02,1.1659459e-01,7.6206360e-02,-4.8396564e-02,5.6526995e-03,7.0730366e-02,-1.1024595e-01,-9.9459744e-02,-2.2362675e-02,4.4785739e-03,-9.4487508e-02,4.6445951e-02,-9.3513034e-02,-8.1778522e-02,5.0398256e-02,-4.4903200e-02,7.6514423e-02,-3.2330038e-02,-9.0255888e-02,1.1768520e-02,-7.8313036e-02,1.3203783e-03,-1.0054291e-01,9.5198457e-02,7.9627921e-02,3.2613021e-02,-1.7749132e-02,5.2363057e-02,1.1061226e-01,-1.1363613e-01,6.1912773e-02,-6.2835011e-03,-9.9344756e-02,1.7071479e-03,1.0093900e-01,-3.3063040e-03,1.4862668e-02,5.3446064e-03,-8.7191886e-02,2.0498310e-02,8.6217055e-02,9.4550235e-03,-1.0611558e-01,-4.4322371e-02,5.4886217e-02
-1.0369824e-01,-2.1955411e-02,1.8768727e-02,8.5307445e-02,9.8809749e-02,1.3070218e-01,3.1141885e-02,-2.5784706e-02,-1.0426826e-01,-8.1398499e-02,3.7852126e-02,-1.0105975e-01,-7.8366462e-02,-4.9993317e-02,-1.0774646e-01,-1.1181884e-01,7.2508334e-02,1.2421072e-01,2.5097858e-02,-1.2072972e-01,-1.1609354e-01,1.0577612e-01,-9.4391877e-02,9.4135962e-02,6.6490486e-02,-1.1370438e-01,1.1708408e-01,3.6543761e-02,5.8854333e-02,6.2739762e-03,2.4152522e-02,-7.7992563e-03,-1.1850443e-03,2.9055055e-02,-4.2762211e-02,8.5014955e-02,8.6363010e-02,7.8303914e-02,7.8382936e-02,6.9945641e-02,-3.3039381e-02,1.0972252e-01,8.6935321e-02,-4.8134119e-02,5.0836078e-02,1.1501841e-01,-6.9107731e-02,-5.1941706e-02,6.5664513e-02,-4.9265045e-02,1.2522104e-01,9.4478575e-02,-8.6267735e-02,-3.8892304e-02,-5.8572308e-02,1.2412501e-02,7.2369982e-02,-2.8514353e-02,-9.4941040e-02,-1.1640881e-01
-1.4777738e-03,2.8478881e-02,-6.7066925e-02,-9.5891620e-02,1.0348085e-01,-1.8988283e-03,-3.0045853e-02,3.9372470e-02,-6.0031933e-02,4.6187783e-02,1.8221477e-02,2.1121465e-02,1.0107870e-01,1.9708845e-02,-9.5448911e-02,6.9701799e-03,1.1888572e-02,-1.0542131e-01,-3.0879258e-02,-2.3870311e-02,6.3575185e-02,-1.2139014e-02,-9.0168692e-02,-3.0749456e-02,-1.1231797e-01,5.2062745e-02,5.3267734e-02,-9.5418895e-02,-4.2001894e-02,-3.9018740e-02,-1.1726539e-01,1.2902862e-01,4.4480423e-02,-3.2314910e-02,5.8562033e-03,2.3668996e-02,1.0324809e-01,2.7489176e-02,1.1528941e-01,9.9150499e-02,-1.3572457e-02,6.6640597e-02,-5.9915738e-02,2.3658744e-02,2.5999348e-02,-2.3220248e-02,-5.7503621e-02,1.1927060e-01,-6.6665575e-02,-8.5798914e-02,8.1967608e-03,-1.3232755e-02,2.9331456e-02,1.1046615e-01,3.9425558e-03,-1.1440900e-01,3.0604198e-02,7.9110264e-02,2.2536259e-02,-8.3972917e-02
3.3558248e-02,9.1005074e-02,4.0345898e-02,2.0832618e-02,-1.0345395e-02,-3.5823016e-02,-1.0126095e-01,4.0071038e-02,7.9752387e-02,-8.6530235e-02,-8.9748084e-02,3.8268098e-02,-1.2740130e-02,-8.9676206e-03,3.0505441e-02,6.6196991e-02,-9.4715421e-02,-2.8682614e-02,-4.2631241e-02,-7.9753582e-02,4.8926427e-02,1.4073559e-01,1.4246039e-01,1.4789875e-02,-4.0983334e-02,-1.0766345e-01,1.2616968e-01,2.8841997e-02,4.5736240e-02,6.3741084e-02,8.8636855e-02,-3.4543995e-02,8.8180307e-02,1.3121610e-01,-9.1842013e-02,6.0802349e-02,-3.5002060e-02,1.3708686e-01,6.9270607e-02,-6.1108629e-02,-2.9821203e-02,-8.9383799e-02,-7.3129921e-03,5.0158460e-03,4.2628822e-03,-6.2867384e-02,-3.5287704e-02,-6.4657358e-03,6.5614690e-02,-1.4610413e-01,5.0007181e-02,3.7282206e-02,9.8050565e-02,-6.8500033e-02,9.0098367e-02,4.8835735e-02,1.0191806e-01,7.7421507e-02,1.1209431e-01,-5.8935050e-02
-5.4141388e-02,-3.5376273e-02,9.1829417e-02,-4.0322973e-02,7.5122951e-02,-6.0295094e-02,-1.7375241e-02,-2.8480601e-03,-1.2144332e-01,8.0504734e-02,-5.4306701e-02,2.3931459e-02,-9.1257014e-02,-1.3016891e-02,6.8354132e-02,-3.8524593e-02,5.2364796e-02,3.3851181e-02,1.4474351e-01,3.5039657e-02,-1.1782987e-01,9.3896336e-02,1.4309807e-01,4.6303738e-02,3.2461073e-02,8.1102629e-03,-5.1003715e-02,1.3144905e-01,5.9859739e-02,8.4738177e-02,-1.2326507e-01,6.3646656e-02,2.0284052e-02,3.1825929e-02,-2.6652968e-02,1.0616693e-01,-1.1816096e-01,1.2697202e-01,-8.8879153e-02,-1.3518099e-01,9.9771580e-02,-2.6028707e-02,7.7669872e-02,4.1528170e-02,6.8126064e-02,6.5217998e-02,4.9219196e-02,8.7344144e-02,6.9646814e-02,1.4237557e-02,-1.0254723e-01,-4.4831054e-02,5.3958309e-02,-3.0360793e-02,8.0968044e-02,2.5733602e-03,1.0676820e-02,-1.9435963e-02,-3.1787687e-02,-1.4418845e-02
9.2276903e-02,1.0290351e-02,-9.1898729e-02,-5.1431607e-02,-2.1270128e-02,-1.1363746e-01,1.1002100e-01,-1.1867881e-01,9.9940413e-02,5.2135164e-02,-1.2925723e-01,-8.1631082e-02,-6.1405433e-02,-1.0775309e-01,-1.2495739e-01,-1.2488464e-01,6.3480359e-02,5.0638975e-02,1.1305077e-01,7.6819656e-02,-6.2851616e-02,-1.0057203e-01,-1.2756563e-01,4.0416705e-02,-4.5165817e-02,3.2839030e-02,4.3289488e-02,-1.2122419e-01,-1.6816283e-02,2.0117788e-02,9.5940269e-02,1.2468216e-01,1.1689889e-01,-1.2255169e-01,-4.3613326e-02,3.5700660e-02,5.5772523e-02,-3.3413671e-02,5.9446262e-02,6.1789205e-02,6.3982684e-02,8.6848992e-02,-9.9045159e-02,-2.7814871e-02,-6.4933027e-02,2.9737988e-02,4.0263897e-02,-9.8942386e-02,-1.3558208e-02,-1.7817307e-02,-8.0935151e-02,-5.7785782e-02,1.7493787e-02,9.9188642e-02,-1.2814986e-02,-4.6810452e-02,2.8182676e-02,5.6480800e-02,-1.1423882e-01,6.8089058e-02
-5.0777693e-02,2.2029727e-02,-6.8704570e-02,-9.6242184e-02,3.9144901e-02,6.4339434e-02,1.1274099e-01,-1.1096869e-02,-4.3670997e-02,-6.6130682e-02,-8.5545437e-02,9.4279247e-02,-8.4254061e-02,1.1795896e-01,-3.2246971e-03,-6.2475663e-02,-8.3881784e-02,9.4038409e-02,1.1795271e-01,1.1043880e-01,1.0907136e-01,1.2107888e-01,1.1573932e-01,-4.9927181e-02,-1.0497420e-01,5.9185230e-02,7.2776877e-02,4.2102827e-02,-4.5769812e-02,5.0581502e-02,-1.2928247e-01,-7.3458933e-02,-9.7898458e-03,4.5094747e-02,9.1045527e-02,-6.4269121e-02,4.9420102e-02,-9.6022229e-02,9.3725527e-03,-1.1466028e-01,2.9567805e-02,-1.2586853e-03,-2.2080002e-02,-5.1273605e-02,-5.4474817e-02,8.2945507e-02,1.1005703e-01,1.2577460e-01,-8.9697848e-02,1.1623762e-01,8.4417561e-02,-8.0185320e-02,-1.2546318e-02,-5.7774986e-02,-1.2092964e-01,-1.0784896e-01,-1.0023206e-01,-7.1157022e-02,-1.0976910e-01,6.8894041e-02
-8.5603371e-02,9.5071077e-02,-7.4102181e-02,-6.6637347e-02,-4.5570683e-02,1.1530758e-01,9.9050697e-02,-6.9094096e-02,1.2836474e-02,2.3510104e-02,2.1602651e-02,-7.3448914e-02,8.4345175e-02,-6.5311250e-02,-4.6838253e-02,-5.7485501e-02,-2.8759090e-02,-1.2405975e-01,-5.9380645e-02,-6.8883454e-02,-1.1363352e-03,-8.8450148e-02,-6.9617882e-02,-4.8642444e-02,2.7028693e-02,-1.0999736e-01,-4.4271157e-02,-1.1823048e-01,-5.8596390e-02,3.0965579e-02,-1.0769030e-01,6.5689428e-02,1.3079834e-01,7.2818573e-02,3.4030369e-02,1.8305746e-02,-1.1403890e-01,7.4045977e-02,6.9737260e-02,8.7359904e-02,-1.2398630e-03,2.9823886e-02,5.2121523e-02,7.6071676e-02,-5.5422540e-02,-8.5335164e-02,-9.0504893e-03,9.0456399e-02,7.9305193e-02,5.6967560e-02,3.3089425e-02,-5.9059173e-02,4.3065046e-02,1.0577355e-01,1.0719305e-02,4.2655915e-02,-2.6886789e-02,-2.8011806e-02,-1.2558126e-01,-6.2832629e-02
-9.0614766e-03,4.7305803e-02,-9.8279030e-02,-1.2204632e-01,-1.1534913e-01,-1.1079343e-01,5.4282591e-02,-7.6880169e-02,1.4950174e-01,-1.3359377e-01,-1.1535887e-01,-1.3213940e-01,2.4945813e-04,6.0893013e-02,-6.3983514e-02,1.0489574e-01,1.0365654e-01,-7.9065565e-02,1.2765550e-01,1.1315689e-01,-1.0720357e-01,-5.5939361e-02,6.3602647e-02,8.9551720e-02,-5.0737557e-02,2.3670544e-02,2.2333159e-02,9.6180230e-02,-1.2891366e-01,3.6899416e-02,4.3327079e-02,-1.2136488e-01,-1.1089884e-01,-1.2998956e-01,1.6402770e-02,-5.1283194e-03,7.1872840e-02,3.1825590e-02,-3.8287861e-02,-4.3048353e-02,3.9817051e-02,-2.0027421e-02,-2.1150844e-02,2.4632653e-02,4.7040986e-02,4.8376151e-03,7.4827280e-02,-8.5094282e-02,-9.3466015e-02,1.0338686e-01,3.0023616e-02,8.7811173e-02,1.3795838e-01,8.6940156e-02,-9.3573725e-02,5.8089043e-02,-4.3134090e-02,5.1532800e-02,1.9485844e-02,8.7170084e-02
2.2238301e-02,5.4380930e-02,-1.2301937e-02,8.8258605e-02,7.1977313e-02,-2.9189745e-02,-1.0591401e-01,-8.6628396e-02,-7.4390319e-02,1.2306317e-01,7.3686186e-02,-9.5679428e-02,5.3075921e-02,-3.0636873e-02,-5.7128395e-02,1.0684192e-01,-6.1727478e-02,5.6427678e-02,-6.9488848e-02,-4.4009059e-02,-6.0793092e-02,-9.4560414e-02,-9.3403384e-02,-1.6527217e-02,5.6340957e-02,-8.6228415e-02,-1.8627729e-02,-1.5205525e-01,9.9042417e-02,-3.6154658e-02,-1.5031551e-02,7.4425393e-02,4.5928927e-02,-6.7034384e-03,-1.3357147e-01,-9.1634366e-02,-1.1644605e-01,7.7341238e-02,4.9897012e-02,-1.3557199e-01,9.5511120e-02,-4.8650220e-02,-1.0009955e-01,-6.1875154e-02,1.7359241e-03,-2.5200196e-02,7.5231596e-02,-7.2972118e-02,-1.0177959e-01,6.3673797e-02,3.0282801e-02,-9.9667439e-03,-7.2569087e-02,-9.3693620e-02,6.6387256e-02,6.5853003e-02,-3.1455394e-02,-1.3454110e-01,4.6023792e-03,-1.2255630e-01
2.1523263e-02,8.4865467e-02,6.6775708e-02,8.3259847e-02,3.2754167e-02,-4.5314834e-02,4.3480643e-02,-2.1008651e-02,-5.8987847e-02,9.7197906e-02,-6.3755660e-02,-2.8445244e-04,-1.2889752e-01,9.7884600e-02,1.9652011e-02,3.6323421e-03,-1.0095880e-02,8.4387915e-02,6.1615078e-02,1.2047639e-01,-5.5694454e-02,-1.1949754e-01,-1.4056449e-01,-8.0776904e-02,-2.4280831e-02,3.6158337e-02,-8.9295617e-02,-7.9235893e-02,-9.4843231e-03,7.5405054e-02,-9.4065375e-02,-1.0659737e-01,1.3500947e-02,-6.8707555e-02,1.3352968e-01,-6.4661998e-02,-6.3406938e-02,-2.1979396e-02,4.9791176e-02,1.3156082e-01,9.1851189e-02,6.0731463e-02,-9.9449543e-02,-7.7486920e-02,-8.8999755e-02,2.5623890e-02,1.0410140e-01,-5.3912369e-02,-1.9163700e-02,-6.6569907e-02,7.9288616e-02,1.2871975e-01,-3.3341156e-03,-1.4124369e-02,1.1975535e-01,-1.0223072e-02,8.9774257e-02,1.1812698e-01,-2.0618724e-02,-4.1632335e-02
9.9081715e-03,9.9017004e-02,-7.5572727e-03,-1.2294645e-01,1.0726174e-01,1.0632470e-01,-1.0866587e-01,-2.2459811e-02,-7.2925680e-02,-4.2469527e-02,1.9736692e-02,-1.5716056e-02,-7.5572327e-02,1.0618191e-01,1.1609675e-01,-5.1216706e-03,1.3255302e-01,-1.8187573e-02,-1.3546298e-01,6.4408545e-02,-6.8612133e-02,3.1886272e-02,-2.2393163e-02,-2.1456542e-02,1.1890800e-01,5.5290770e-02,-1.1289635e-01,1.0175330e-01,5.5160180e-02,-8.9375537e-02,-8.6512570e-02,-1.9972585e-02,-3.5342859e-02,7.2112094e-02,8.3036280e-02,-7.9114783e-03,9.2580920e-02,2.6762370e-02,-9.6408170e-02,1.5849859e-01,-5.1678401e-02,-9.7744752e-02,-2.7644377e-02,8.7491255e-02,-7.2162055e-03,3.2076585e-02,-4.2969319e-02,-1.5247825e-01,1.0479150e-01,-9.4562131e-02,-9.3393682e-02,8.6822981e-02,-1.0620728e-02,1.1084937e-01,-2.3658929e-03,-4.8517321e-02,1.0463986e-02,5.0163813e-02,1.0323199e-01,1.3848963e-01
-2.1332257e-02,-3.7258079e-02,-3.7987255e-02,1.3135991e-02,-3.9512419e-02,-4.9724777e-02,7.7569809e-02,-9.3837139e-02,-1.1878466e-01,1.4183221e-01,-4.8067593e-02,-1.2095042e-01,6.2095846e-02,1.0945936e-01,6.1026196e-02,1.0822407e-01,-4.9188743e-02,-4.6601686e-02,5.9574388e-02,-9.6545148e-02,-9.4901211e-02,-4.1105955e-02,-4.7976504e-02,-1.0516550e-03,2.8046616e-02,-1.2347233e-01,-1.0299839e-01,1.0404402e-01,-9.1126823e-02,2.1969664e-02,2.2029634e-02,-3.7455510e-02,-2.7173828e-02,1.0587194e-01,5.6989475e-02,6.1960869e-04,-5.5009780e-02,7.2676927e-02,-4.9260755e-02,-7.6970985e-02,-3.7731988e-02,5.1996482e-02,-5.7555036e-02,-2.3054098e-02,1.0438362e-01,-5.7185137e-02,-9.3248846e-02,9.9677778e-03,7.8732548e-02,-4.1328916e-02,-3.9506493e-02,-1.8981606e-02,-7.7190393e-02,-5.4368581e-02,-1.2107419e-01,8.3231893e-02,-9.1819547e-02,9.2222009e-02,5.2565266e-02,2.1781870e-02
-6.6904485e-02,1.2237184e-01,1.3548912e-01,9.2378116e-02,-7.3281014e-03,-4.2374008e-02,-1.1263201e-01,1.5923188e-04,-4.9666612e-02,-2.9298549e-02,-8.3201115e-02,-2.6569395e-02,-2.0946899e-02,2.3109053e-02,-1.2370182e-01,-6.2698590e-02,1.2293957e-01,-3.7327705e-02,4.0427903e-02,-7.2384454e-02,-2.1284875e-02,-1.2989791e-01,-4.2051495e-02,-1.1527763e-02,-5.0401650e-02,1.2868431e-01,9.8632109e-02,3.6748142e-02,4.1910128e-02,-6.3320914e-02,8.0821978e-02,-4.3246709e-02,-7.0444233e-02,-3.0520928e-02,-7.1438030e-02,8.0318973e-02,-8.5439531e-02,-3.8459551e-02,1.2236520e-01,3.9046918e-02,4.8948794e-02,-5.2321155e-02,2.9060654e-02,9.4205851e-02,-1.2801057e-01,5.5442794e-02,5.6716633e-02,1.7748025e-01,5.2524523e-02,4.2733246e-02,-6.6223981e-03,9.1702734e-02,8.2265500e-02,3.4614468e-02,6.0982130e-02,9.0938164e-02,1.2733135e-01,-7.0843358e-02,-1.2409427e-01,3.9324366e-02
6.8102414e-02,-6.2322272e-02,-9.7593687e-02,1.1705349e-02,-8.9871614e-02,1.1051246e-01,-6.5472704e-02,-3.6898666e-02,1.2121510e-01,-7.7828255e-02,1.1976529e-01,-1.7004616e-02,5.9175216e-02,1.1961152e-01,1.2169980e-01,6.1143706e-02,3.2492682e-02,2.8211181e-02,1.6365595e-02,4.3855911e-02,-2.2015670e-02,9.1294799e-02,2.9841051e-02,8.4252110e-03,1.1244854e-01,8.4101856e-02,-6.0688638e-02,-5.5353510e-02,2.7423812e-02,2.8509092e-02,-5.0727995e-02,5.5164191e-02,4.3227016e-02,-1.4025211e-02,-1.1286104e-01,-2.8570781e-02,-1.1462078e-02,-1.7397818e-02,-9.3226327e-02,8.3142434e-02,1.7265854e-03,-7.4406371e-02,-9.8634949e-02,1.8395267e-02,-5.9619701e-02,6.8371461e-02,-3.5500540e-02,-2.0874890e-02,1.7937422e-02,-8.5163969e-02,3.2230984e-02,4.7913313e-02,-6.7300092e-02,3.4986893e-02,-1.7650989e-02,-4.6865565e-02,1.1693323e-01,-6.6580720e-02,-9.4873743e-02,-1.3933503e-01
-1.7801725e-03,4.4744310e-02,9.6912301e-02,7.0558708e-02,-9.6986840e-02,-3.4724414e-02,-9.2702342e-02,1.2307643e-01,-1.2284785e-01,6.3986539e-02,4.3457004e-02,-1.6845142e-02,-5.9433492e-03,-6.6324180e-02,-6.3340903e-02,5.2246754e-03,1.0018145e-01,-5.8640639e-02,-9.6502392e-02,-1.6028752e-02,-1.0596697e-01,3.9731217e-02,-3.6650588e-02,-8.9158517e-02,6.9781295e-02,7.5660937e-02,-1.2016657e-01,4.3475661e-02,5.9000104e-04,7.4180821e-02,9.2934376e-03,2.8576118e-02,9.9698856e-02,3.4876304e-02,-4.3965301e-02,-1.2545677e-01,-8.4016966e-02,-1.1978165e-01,-4.1327529e-02,-6.4132430e-02,1.1621936e-02,-7.0470551e-02,6.8948841e-02,1.8360059e-02,-1.1952967e-01,-1.1853201e-01,1.0546314e-01,9.2851758e-03,-9.0460624e-02,-1.2249059e-03,6.0242540e-03,-8.9617469e-02,-4.1572927e-02,7.0081246e-03,-8.9110536e-02,-2.4470061e-02,-6.5395076e-02,-2.9656986e-02,5.2723412e-02,-6.4328706e-03
-1.1880770e-01,-2.2713349e-03,2.4885300e-02,8.2046273e-02,6.9969607e-02,-4.2934757e-02,-5.1684042e-02,-2.7746127e-03,8.8287647e-02,-7.1594883e-02,-1.1356319e-01,-2.8421694e-02,3.4843292e-02,-9.6901080e-02,7.2442856e-02,5.3503479e-02,2.1474523e-02,1.1105755e-02,4.6201421e-02,-1.1489399e-01,-1.2571052e-01,8.1967933e-02,-6.2466820e-02,6.3933545e-02,-6.1729113e-02,-6.0052981e-02,5.9258663e-02,-2.6062263e-02,1.2152718e-01,-6.8400294e-03,5.7768771e-02,4.4703470e-02,-1.1001289e-01,-5.1055343e-02,-4.0674116e-02,2.1228897e-02,-1.2890416e-01,2.2434116e-02,-4.7799645e-03,-7.5135031e-02,-1.3538443e-02,4.9101543e-02,1.0295297e-01,-6.5855860e-02,-7.3706002e-02,-1.1366937e-01,2.2412391e-02,9.7024504e-02,1.8846302e-02,2.5442789e-02,3.3913530e-02,4.5268130e-03,9.5620342e-03,-1.2609840e-01,5.3537122e-02,-1.2906316e-01,9.5062532e-02,-4.9982153e-02,1.1215950e-01,-7.7185130e-02
-6.0437975e-02,9.5177797e-02,-3.6735091e-02,-1.0447267e-01,4.2451179e-02,1.2293799e-01,5.0835361e-02,1.1432282e-01,3.3088818e-02,-2.2339046e-02,5.2870565e-02,-2.0778748e-02,4.9299555e-03,-6.7343277e-02,-4.3909761e-02,-9.6674348e-02,-1.0515670e-01,-1.1441690e-01,-2.4195617e-02,1.7909738e-03,-3.6928977e-02,6.5381839e-02,-1.2348749e-01,5.9821115e-02,7.3941443e-03,-2.2108251e-02,2.9297436e-02,2.5413370e-02,7.8491695e-02,3.1143415e-02,1.2375842e-01,2.1716254e-02,-3.1226540e-02,-6.6145329e-02,2.9964368e-02,9.8567389e-02,-7.3821981e-02,1.8312873e-02,1.6979433e-02,1.1951023e-01,-4.3677736e-02,-2.3870536e-02,-8.7750919e-02,-4.6025955e-02,-5.3316537e-02,-9.6089631e-02,6.3029074e-02,-1.1951874e-01,1.2005771e-01,1.0066084e-02,-8.7723527e-02,-3.0664658e-02,-3.0356671e-03,-2.0392820e-02,8.5837921e-02,-1.0259565e-01,5.4103083e-02,-1.2772327e-01,-1.2554206e-01,2.6818269e-02
3.9647365e-02,-3.6990594e-02,9.5549328e-02,-1.0712126e-01,-1.8234154e-02,-2.7893543e-02,-7.3564585e-02,1.1866567e-01,2.7539314e-02,-8.8602375e-02,-1.2816263e-01,4.5922786e-03,-1.1204983e-02,-8.7244448e-04,5.2131549e-02,-1.2848874e-01,7.4878898e-02,2.8298954e-02,7.3138850e-02,-1.4438524e-02,-7.5858567e-02,1.0399054e-01,1.2338286e-01,-9.7370122e-02,1.0792968e-01,1.8526208e-02,-9.5631252e-02,-5.1767780e-02,8.4088684e-02,-5.9215332e-02,-9.5766831e-02,-1.6211765e-02,-1.3023525e-01,1.4070617e-01,-3.3033932e-02,1.1334293e-01,-2.0501396e-03,-4.6094499e-03,-2.7064409e-02,-3.7942837e-02,-1.0115971e-01,-3.4394117e-02,-9.4130376e-02,1.2185888e-02,1.9099156e-02,-6.3524770e-02,-2.1759025e-02,-7.8625839e-02,-9.8910229e-02,1.0036497e-01,-4.8746919e-02,2.3189541e-02,2.1601023e-02,6.6386455e-02,1.3185253e-01,7.0561726e-02,6.3283914e-02,-9.1333878e-02,-3.6786244e-02,-2.3982092e-02
-6.1842162e-02,-4.1672219e-02,1.0787725e-01,1.0152310e-01,1.2885666e-01,-7.8460139e-02,-1.2805203e-01,-1.0816691e-01,9.7663028e-02,5.2460709e-02,1.1740456e-01,-7.0268890e-02,2.8249932e-02,1.2264874e-01,7.1258127e-02,-4.5151618e-02,-9.9100283e-02,-6.2698143e-02,2.1181849e-02,7.1585450e-02,-1.2038614e-01,1.0766723e-01,-1.3794779e-02,-4.3033036e-02,6.9649558e-02,6.5873292e-02,-5.6482891e-02,-9.9959370e-02,-9.9594836e-02,4.7006583e-02,-8.5700936e-02,-6.9956614e-02,-1.2670384e-01,-6.1685382e-02,1.2393558e-01,2.5524407e-02,4.7358821e-02,-1.0661002e-01,-9.1203870e-02,-1.2241770e-01,-1.0925913e-01,-2.1085854e-02,9.2597309e-02,7.6607722e-02,-7.7948497e-02,-1.0899528e-01,-1.1740458e-01,-4.6683240e-02,-2.4493059e-02,-1.1187912e-01,1.4877803e-02,1.2349116e-01,-6.4800669e-02,-4.2405208e-02,1.1481264e-01,-1.0800862e-01,3.1334028e-02,3.0957695e-03,9.9992174e-02,6.6429400e-02
7.9553889e-02,-3.8116760e-03,9.9693870e-02,5.2353088e-02,-7.1234325e-02,1.0332578e-01,1.0605795e-01,-1.0007677e-02,1.2451818e-01,-9.0301461e-02,3.0348952e-02,1.2609224e-01,-1.0328577e-01,3.5668558e-02,-3.9242891e-02,-9.9306591e-02,4.4912720e-02,-1.1574536e-01,8.0964761e-02,7.3413043e-02,8.2716076e-02,-6.1216033e-03,-7.5886975e-02,8.1932443e-03,1.4132080e-02,2.0743353e-02,-5.2297970e-02,2.8066735e-02,-2.4521601e-03,9.5456940e-02,5.5869909e-02,-5.7740399e-02,-6.8733259e-02,-5.6366094e-02,-8.4767976e-02,-3.8613343e-02,-7.3909257e-02,-3.5372478e-02,3.6971385e-02,-8.7172238e-02,-2.9368357e-02,4.2618009e-02,-1.2868582e-01,3.2656112e-03,1.2023715e-01,8.3664709e-02,-1.1691033e-01,4.3626938e-02,4.9622034e-02,2.2623159e-02,5.9920854e-02,5.4704903e-02,-4.8008329e-02,-3.2658893e-02,7.6361496e-03,6.8509283e-02,-7.8695226e-02,7.7957588e-02,1.2677895e-01,1.8894641e-02
7.0451904e-02,-1.0088970e-01,5.8097275e-02,2.0476210e-02,-3.6875101e-02,2.6079139e-02,-9.7803326e-02,-1.2250520e-01,-8.7637790e-02,5.7931297e-02,-1.1678806e-01,-6.2711995e-02,-3.0343686e-02,8.3519045e-02,6.0291144e-02,4.5270584e-02,1.1444579e-01,-6.5024752e-03,-1.1748732e-01,7.7662599e-02,8.3487747e-02,-4.0395215e-03,-1.3680577e-01,1.4479067e-01,1.0988599e-01,-2.6236850e-02,5.7830506e-02,-1.1455620e-01,8.8710027e-02,3.4282577e-02,-8.9824329e-02,-3.0250358e-02,-1.0196110e-01,2.9457082e-02,1.3166965e-02,-2.6325215e-02,-6.7874358e-03,3.9119448e-02,3.9109330e-02,-7.8158759e-03,9.3373726e-02,1.0482277e-01,-8.5037685e-02,1.1988571e-01,1.2277102e-01,-3.7401957e-02,-3.5590880e-02,-2.7146404e-02,8.4374769e-02,9.0558398e-02,-2.8692069e-02,-8.0578056e-02,1.1813407e-01,-2.5731869e-03,-3.5368042e-02,6.7671693e-02,-7.5154444e-04,7.9155794e-02,-4.9630247e-02,-9.5605006e-02
-9.8698820e-02,-2.7406526e-02,-7.8698846e-02,1.1383535e-01,-7.9961947e-02,8.3305554e-02,9.3150850e-04,8.4325315e-02,6.1314975e-02,-6.2314329e-02,1.0826282e-01,-7.3533690e-02,7.0404884e-02,2.3564068e-02,-4.5507783e-02,1.5506561e-02,-1.2837013e-02,-4.4596526e-02,5.0858742e-02,-6.4132219e-02,5.3530720e-02,-5.2467068e-02,-5.1765990e-02,-1.1645152e-01,-4.3722561e-02,-1.7060104e-02,-1.1688826e-01,1.1103223e-01,4.5425751e-02,-7.6142387e-02,9.7580478e-02,1.2255902e-01,2.7331623e-02,1.1010460e-01,-1.1307824e-01,-1.0854641e-01,1.0570320e-01,1.0316816e-01,7.3136942e-02,-3.8427064e-02,4.3588378e-02,-6.5118169e-02,1.5072410e-02,-9.4646503e-02,4.6942931e-02,-1.0096228e-02,1.7602304e-02,-2.4918425e-03,1.3666213e-01,7.1330276e-02,2.2196395e-02,-1.1168683e-01,-1.3177070e-02,7.2419291e-02,1.5699491e-01,5.6092129e-02,-7.4831751e-02,1.0018860e-01,-1.1270471e-01,1.7733403e-01
1.1465640e-01,-5.3586427e-02,1.2377922e-01,-7.1348603e-02,6.4122463e-02,-7.3232683e-02,9.2289380e-02,-1.4522508e-02,9.1840352e-02,-2.0516937e-02,2.0320463e-02,-6.4179919e-02,-8.5706895e-02,8.4911628e-02,5.3154780e-02,-1.2081613e-01,-1.4179488e-02,-9.3617161e-02,1.1958328e-01,-2.3636251e-02,-1.4920399e-01,5.6098386e-02,1.5203901e-01,5.9713946e-02,9.0359067e-02,3.3972925e-02,-3.2850615e-02,2.8907194e-04,1.1374157e-01,-8.1536776e-02,1.2070701e-01,4.2739165e-02,1.2415842e-01,-1.4476416e-02,-1.6751946e-01,-7.6144472e-02,-9.6671630e-02,1.3821089e-01,1.3793403e-01,-1.3642604e-01,-7.3511685e-02,1.4062997e-01,7.0291720e-02,-2.6220346e-02,1.1449563e-01,1.1488007e-01,1.3702367e-03,-3.1223617e-02,3.4224997e-02,-7.1877791e-02,1.5333102e-01,6.6099769e-03,-6.4304065e-02,-3.0509571e-02,-1.2410212e-01,-8.4612999e-02,-1.1228891e-01,1.1184250e-01,-7.0709920e-02,1.0149487e-02

3.9996982e-03,-9.5136088e-03,-4.8974585e-02,-9.4959641e-02,5.3916787e-03,8.0991692e-03,5.1420124e-02,-6.6403505e-02,1.1746585e-01,1.0435472e-01,7.3332295e-02,4.0326721e-02,-1.2328179e-01,1.0007739e-01,1.2831216e-02,-1.2634228e-01,-7.8521369e-02,4.1760494e-02,7.1798608e-02,-8.5434526e-03,-1.0372637e-01,9.6952041e-02,8.9095424e-02,3.2314653e-02,8.6731593e-02,-8.9988910e-02,9.4530292e-02,-5.2678359e-02,-8.2364904e-02,-1.0332887e-01,3.7460679e-02,-1.3228043e-01,-2.1598716e-02,1.5222873e-02,2.7520254e-02,1.3600218e-02,9.7908397e-02,-1.3755230e-02,1.2323968e-01,-3.3339083e-03,-2.9941242e-02,-5.9515620e-02,-9.2388351e-02,-9.5944439e-02,-3.8570774e-02,-1.1678984e-01,-1.0553394e-01,7.5337781e-02,-7.0938189e-02,4.5942612e-02

-2.7233394e-02,1.4570883e-02,-1.0003040e-01,-8.5192639e-02,1.2866325e-02,-4.3725552e-02,-7.8024222e-02,7.3433056e-02,7.2587583e-03,-8.9561217e-02,1.0521516e-01,1.0220944e-01,1.1161528e-01,-1.3281956e-01,-1.2876157e-01,1.2517699e-01,-1.0603868e-02,9.9161600e-02,7.2728677e-02,6.3100876e-02,5.8191105e-02,-4.3786851e-02,9.8326887e-02,-1.2775343e-01,-3.7959844e-02,-8.4745785e-03,-5.2216710e-02,-7.0114854e-02,1.3112216e-02,1.0387495e-01,-9.5081151e-02,-1.1539787e-01,1.1383395e-02,1.4693155e-01,3.4893446e-02,-9.3964972e-02,1.2659472e-02,1.7207673e-01,-6.6062440e-02,-3.0081509e-02,5.4946457e-02,-1.1491159e-01,6.2853801e-02,9.1521016e-02,9.5190154e-02,-1.0659425e-01,4.1863920e-02,-8.9841939e-02,9.9630931e-02,-5.7515125e-02
-1.1380751e-01,1.5846872e-01,-1.9901282e-02,9.0556768e-02,-1.2354759e-01,-1.2656161e-01,8.7401381e-02,-5.8535177e-02,-7.3900481e-02,-8.6377178e-02,-5.7562384e-02,8.4408521e-02,-3.4039830e-02,4.9768963e-02,-8.8063429e-02,-5.5390934e-02,-1.0007824e-01,2.0291830e-02,-2.7569273e-02,-5.2250574e-02,5.6574136e-02,3.2503935e-02,-7.1115529e-02,-4.4630352e-02,4.2761703e-02,1.9269705e-02,-4.1233751e-02,1.3168580e-01,7.9437742e-02,8.7891789e-02,4.4977808e-02,4.3279587e-02,1.2140393e-01,1.2505192e-01,6.4699258e-02,7.6643849e-02,-1.1229184e-01,-9.8369366e-02,-1.4391561e-01,-1.2469131e-01,1.4166854e-01,-2.8843193e-02,-1.6606238e-02,-3.2979329e-02,6.4895319e-02,2.2151311e-02,3.8714061e-02,-1.4533288e-01,-7.6561315e-02,6.7294048e-02
8.3404855e-02,-1.4612307e-01,7.8394288e-02,1.1416004e-01,1.6036956e-05,1.3563975e-01,8.5588739e-02,6.7736724e-02,2.4745168e-02,3.1614985e-02,-1.2062997e-02,-7.9500548e-02,-1.3303357e-01,-9.3966686e-02,-4.4978783e-02,1.2055166e-01,-8.8101283e-03,-8.0356081e-02,1.2856350e-01,1.5126157e-01,-8.9408851e-02,8.6683892e-02,1.2999658e-01,-3.5374109e-02,5.7505128e-03,-4.7643307e-02,5.6523751e-02,9.3676829e-02,-6.5850830e-02,-1.3217385e-01,-3.7837109e-02,-6.0451258e-02,-4.7959419e-02,-7.8323142e-03,4.4171087e-02,5.9195832e-02,1.3656468e-01,6.3571237e-02,-1.3682536e-01,-8.4119195e-02,8.0251354e-02,1.2797824e-01,-6.2360429e-02,-1.0499191e-01,-1.0086103e-01,6.7424508e-02,4.2025086e-03,-1.1370734e-02,1.2625768e-01,-1.0175552e-01

-6.0636044e-02,7.0278293e-02,-9.2617151e-02

