4.4388451e-02,-2.0125319e-01,-7.3590168e-02,-2.3573395e-01,-2.9509782e-01,-9.2579681e-02,1.6873644e-01,3.9684016e-03,-1.1200498e-01,6.6346004e-03,2.7173331e-01
-1.7229659e-01,6.9223525e-02,-1.6659759e-01,4.2524914e-02,3.7048279e-02,-2.8444574e-02,2.8324143e-01,2.2133952e-01,4.2719885e-03,-7.5508042e-02,-7.7462039e-02
-1.7757830e-01,1.5840970e-03,2.5458388e-01,9.2961841e-02,-5.0465510e-02,-1.1148962e-01,-8.8434383e-02,7.1254892e-02,1.7784626e-01,-2.6010310e-02,1.3821765e-01
2.7333124e-01,2.0814094e-01,-1.3082659e-01,2.0008297e-01,3.1043198e-02,2.6618615e-01,2.5772501e-01,-1.8061492e-01,-2.8343286e-01,1.3861273e-01,-8.8322505e-02
-2.2000761e-01,1.0562980e-01,8.5820185e-03,-7.0277239e-02,-2.5037538e-01,6.8152708e-02,3.6475043e-02,9.1572264e-02,1.7762248e-01,1.6151900e-01,1.7320353e-01
1.4387588e-01,-2.3423671e-01,-7.5489367e-02,-3.7500366e-01,5.2256916e-02,-1.6108913e-01,1.2875474e-01,2.4683685e-01,1.8786249e-02,6.7577012e-02,-1.9441382e-01
-5.8278277e-02,7.4978023e-02,1.8945923e-01,-3.0726679e-01,3.4437799e-01,6.8406139e-02,6.5486486e-02,8.5763851e-02,-1.6858808e-01,-1.4861911e-01,3.8743425e-02
1.5607200e-01,1.1442516e-01,9.7513715e-02,2.6331023e-01,-2.3895881e-01,-2.5443119e-01,-1.1887890e-01,-1.8516540e-02,2.1782968e-01,-2.1122575e-01,-2.3598645e-01
-2.2927573e-01,-2.1690813e-01,-7.9674398e-02,2.6328589e-01,1.2676257e-01,1.4898735e-01,1.1235132e-01,-2.8419135e-01,2.7164810e-01,-2.8729752e-01,-1.1785823e-02
-2.8322943e-01,5.7265014e-02,-2.1149974e-01,-1.6599698e-01,8.1918549e-02,-2.6734864e-01,-2.8292357e-01,-1.3340858e-01,2.6089094e-01,2.4249996e-01,4.8289800e-03
-5.0784421e-02,-1.9767221e-01,1.4315889e-01,-1.0761877e-01,2.9680288e-01,3.0122913e-01,1.2916137e-01,-1.4709313e-01,-2.4020341e-01,-2.8719210e-01,-1.9095770e-01
-4.4753885e-02,2.6921720e-01,-2.2242576e-01,1.0391809e-01,-4.2335698e-01,2.6088052e-01,8.9213762e-02,-1.4769371e-01,1.8517838e-01,-6.1140936e-02,-1.3667484e-01
8.4447144e-02,1.7051225e-01,-1.8148584e-01,3.6207964e-01,2.6950600e-01,-1.3323421e-01,-1.2525595e-02,-9.7368840e-02,2.6815049e-01,2.9560740e-01,-5.5402152e-02
3.2524399e-02,2.0984125e-01,3.8378409e-02,-1.1401544e-01,-2.0306630e-01,1.3358558e-01,-2.5826313e-01,-4.5559150e-02,-2.5564220e-01,-2.0371234e-01,-1.3478749e-01
-1.7722340e-01,-2.7264722e-01,2.2648488e-01,-1.2740705e-01,1.2932911e-02,-7.6423158e-03,1.7059313e-01,1.6573485e-01,-2.3672952e-01,-1.2319736e-01,-2.1785489e-01
3.3489548e-01,8.5121493e-02,-2.5499281e-01,-1.5869416e-01,-8.4121560e-02,-2.2410334e-01,-2.4626960e-01,-5.9684872e-02,5.7232186e-02,-1.0695745e-01,2.2343272e-01
1.2437424e-01,8.9801634e-02,2.4922406e-01,-5.4717082e-01,2.4733698e-04,1.7910936e-01,-2.7249455e-02,8.9102716e-02,1.5022041e-01,-1.4104332e-02,-1.2383783e-01
2.9032608e-01,2.3018474e-01,-2.0524486e-01,1.5646313e-01,4.0088961e-01,-2.8618992e-01,3.7072508e-02,2.5053118e-01,1.0822867e-01,-1.5435074e-01,-2.5223518e-01
-5.9332184e-02,6.5077126e-02,-9.8892024e-02,-6.2268254e-01,-6.4142526e-02,-1.4055789e-01,1.1420823e-01,-2.0311388e-01,1.5787260e-01,-7.5705341e-02,4.7265960e-02
-2.4137021e-01,-4.7749726e-02,-1.2176009e-01,1.7131621e-01,-2.2488247e-01,-2.1152668e-01,2.3508391e-01,2.2281926e-01,2.0414449e-01,-2.0994813e-01,-2.1063347e-01
1.2081619e-01,-4.8985578e-02,1.9074150e-01,-3.4225190e-01,4.7763610e-03,-1.5561173e-01,1.8050241e-02,-1.5273899e-01,2.5151638e-01,2.5747553e-01,-1.4900771e-01
5.7789530e-03,-2.2624920e-01,-9.8057416e-02,4.0151660e-01,-6.0130682e-03,-9.4867601e-02,1.4670206e-01,-1.1781739e-01,-1.6893140e-01,-1.4285494e-01,1.2688834e-01
-1.6664854e-01,-2.6795239e-01,-3.8084372e-02,-7.6271518e-02,1.1249219e-01,1.4558707e-01,9.9352040e-02,4.9195733e-02,1.0770212e-01,-2.1588569e-01,-2.6617150e-01
6.2945645e-02,-2.1351733e-01,1.8096778e-01,-2.1733151e-01,-1.5707143e-01,2.8868515e-01,2.2710954e-01,1.5713418e-01,-9.9764696e-02,1.5101743e-01,2.1813225e-01
1.1232124e-01,-2.1348930e-01,1.2133581e-01,-2.3102730e-01,2.3515527e-01,-5.3038435e-02,-2.2245718e-01,1.5572454e-01,-2.2893136e-01,2.2793479e-01,6.6596977e-02
1.5007912e-02,2.2666322e-01,1.8413800e-01,3.5535784e-01,2.3731019e-01,1.8009298e-01,-2.7046247e-01,2.2980547e-02,-1.2339985e-01,-1.6942039e-01,2.3699700e-01
1.0055045e-01,1.3377402e-01,-2.7131238e-01,-2.2842188e-01,-4.4789287e-01,-2.3225932e-01,2.2804943e-01,3.3602279e-02,-2.0902264e-01,1.2313012e-01,4.3018541e-02
1.9950367e-03,2.2868628e-01,1.4839603e-01,-3.3643859e-01,2.7036675e-01,2.7822115e-01,2.1383684e-01,2.7482669e-01,-1.8576070e-01,1.2577526e-01,1.0034228e-01
-1.5887651e-01,-5.5110796e-03,2.4547700e-02,2.1253867e-02,8.0453220e-04,2.4831104e-01,-3.0544402e-01,1.0909699e-01,6.1638197e-02,3.0515922e-01,-6.8990733e-02
-2.3097800e-01,-9.8850637e-02,9.1823269e-02,6.0949656e-02,-1.6415320e-01,-9.8154500e-02,-2.9322052e-01,6.2413557e-02,-1.9396425e-01,2.5341278e-01,2.5305254e-01
2.4955240e-03,-2.8656111e-02,-3.7993721e-02,-7.9098050e-01,-2.2360529e-01,-1.2992587e-01,6.1614872e-02,-1.3823791e-01,-2.7459573e-01,-8.1238454e-02,3.0664892e-01
-7.1437365e-02,-2.6030541e-01,2.7674477e-01,-3.7993230e-01,-1.0161719e-01,-4.1834319e-03,1.5560360e-01,-1.2741861e-01,-2.4619483e-01,1.8254693e-01,-2.8393457e-01
-8.4052361e-02,-1.7936364e-01,8.8024718e-02,4.9136402e-02,-2.2636374e-01,1.8861770e-01,2.3536996e-01,-1.7681730e-01,9.5638836e-02,-1.8290961e-01,-2.6543213e-01
-4.2046897e-02,-2.8859150e-01,3.4262288e-01,1.7447840e-01,-1.6491695e-02,-1.6380753e-01,-2.5083339e-01,2.2795650e-02,-2.1985989e-01,-2.0915198e-01,-1.4994345e-01
6.1968878e-02,1.1683072e-01,6.1198945e-02,2.7711676e-01,1.9207195e-01,1.9671061e-01,-1.7234272e-01,-2.0940478e-01,-2.5246781e-01,-1.2939868e-02,-1.3619783e-02
-8.4569209e-02,-1.5168916e-01,-1.8628879e-01,-1.4131552e-01,-3.0089480e-01,-1.9623479e-01,6.4079750e-02,-9.2381464e-02,-1.5637779e-01,-2.5534561e-01,-7.9116483e-02
-1.9183576e-01,-5.2787410e-02,-2.4686988e-01,-1.8054053e-01,2.3650591e-01,-1.6256848e-01,-1.8980556e-02,1.3382978e-01,1.2408696e-02,8.7060191e-02,2.1485405e-01
1.4490007e-01,2.5564174e-01,-1.4614620e-01,-9.8688882e-02,1.4681719e-01,4.0529219e-02,1.0347643e-01,1.6835252e-01,-1.1198931e-01,-4.6866174e-02,-2.5429993e-01
-3.1818452e-02,-5.9392260e-02,6.1096271e-02,-5.4993116e-02,1.3791234e-01,-2.4847518e-01,3.1000956e-01,8.1993287e-02,-1.7197515e-01,6.5042824e-02,-2.5298062e-01
8.7925902e-02,-2.3320398e-01,-1.6345179e-01,4.0277724e-01,-2.8290122e-01,-2.7320597e-01,1.5947286e-01,2.5026640e-01,1.3629915e-01,2.3551916e-01,1.8036949e-02
1.0301384e-01,3.8508090e-02,-2.0767551e-01,-8.5769290e-02,4.6556019e-02,8.8004218e-02,2.2711167e-01,3.0601324e-02,-5.2228381e-02,-9.6575452e-02,-2.8180978e-01
-1.4405003e-02,-2.4073793e-02,6.9700379e-02,-2.4392506e-01,1.9884054e-01,-5.0136770e-03,-2.1049553e-01,1.3471996e-01,-9.5559465e-04,1.1601961e-01,1.2736898e-01
-2.4995099e-01,-2.3166250e-01,-6.5441984e-02,-1.8077585e-02,-1.0909759e-01,-8.7045367e-02,1.3876041e-01,2.7960304e-01,-1.1738733e-01,-1.9974396e-02,-1.4891216e-01
-5.4122617e-02,2.4788195e-01,1.9584391e-01,-5.4769435e-02,2.8057702e-02,-3.9600370e-02,-1.1563364e-01,1.9393605e-01,-1.4578821e-01,3.0911263e-01,2.1042785e-01
-9.5667540e-02,-1.8728496e-01,-1.4407364e-02,3.6657778e-01,1.3791696e-01,2.5158092e-01,-1.3378975e-01,-1.0743776e-01,-2.1526142e-01,-9.8217483e-02,6.7350290e-02
2.3813761e-01,1.9953314e-01,-3.5439295e-02,-1.0454501e-01,-2.6024802e-01,1.2772892e-01,3.6447898e-02,2.6496336e-01,1.3291655e-01,-1.7268851e-01,8.0721547e-03
-1.6277563e-02,-2.3599750e-01,1.9097519e-01,-1.9840848e-01,1.1839461e-01,1.8054490e-01,-2.0486310e-01,3.3595079e-01,2.8775207e-01,2.3840725e-01,2.6134296e-01
1.5664002e-01,-2.7119308e-01,-1.8258593e-01,1.8630002e-01,-1.8860180e-01,-8.8962603e-02,1.4583772e-01,-2.5139359e-01,-8.8717971e-02,-1.6808960e-01,1.2359955e-01
-2.8328973e-01,-1.5815199e-01,2.4754611e-01,-1.7338171e-01,1.5386041e-01,1.7418040e-01,1.4172916e-01,-1.9069642e-01,-2.0307201e-01,-1.5161891e-03,-1.8866937e-01
-7.7741574e-02,-1.9078813e-01,2.1954211e-02,1.1209082e-01,5.1003446e-01,-1.7450602e-01,2.1048042e-01,-9.9940036e-02,-1.1581302e-01,2.6851382e-02,2.4531759e-01

-7.5617454e-02,1.7125933e-01,-2.3567684e-02,-1.3678947e-01,-4.9305284e-02,-1.2643607e-01,1.1460900e-01,1.9416824e-01,-2.9586344e-01,1.3872716e-01,2.9456181e-01,-4.0125545e-02,1.2690968e-01,2.2279337e-01,-1.0659082e-01,-2.4014273e-01,-1.7570199e-01,-4.3051663e-02,-3.0760862e-02,3.0378834e-01,-9.5721461e-02,2.8873078e-01,-2.9395165e-01,-4.8970936e-02,2.8174290e-01,1.6794161e-03,-2.9378330e-01,-7.4305475e-02,-1.3559348e-01,-6.7464966e-02,2.0379032e-01,1.6330309e-01,2.8853923e-01,7.9041946e-02,8.8214807e-03,2.3854866e-01,2.5947367e-01,-2.8928897e-01,1.9426081e-01,1.1382410e-01,2.5764828e-01,-2.2867703e-01,2.1566494e-01,-1.0055405e-02,2.0273855e-01,-1.9293439e-01,-1.8683146e-01,-1.1203695e-01,1.0356079e-01,2.5442449e-01

5.4920011e-02,-1.9393589e-02,5.9702414e-02,4.4263181e-03,-1.0154348e-01,-6.7981391e-02,-7.5136516e-02,-7.4097286e-02,1.8980269e-02,-1.0001834e-01,2.2934146e-02,1.4989334e-02,1.2089610e-01,1.1925836e-01,1.3828146e-01,-1.3873129e-01,1.0929656e-01,-1.7114429e-02,-1.0042713e-01,-2.9952444e-02,-1.2192958e-01,-1.1043398e-01,-1.3838488e-01,-6.0436878e-02,-8.7166824e-02,-8.3037340e-02,3.9774917e-02,-9.2521436e-02,-3.1400345e-02,-7.7906867e-02,-7.2846041e-02,5.2393593e-02,-1.2579673e-01,-1.1748098e-01,-1.2928724e-01,-7.2257168e-02,-3.7893528e-02,6.5234031e-02,-1.2658241e-02,9.0222377e-02,-1.1219375e-01,9.5842549e-02,-1.2436322e-01,1.0855260e-01,-6.4932900e-02,-4.7444209e-02,5.9246871e-02,2.5878410e-02,-2.8285983e-02,-3.6028954e-02
-7.8972414e-02,1.1815580e-01,-1.2430792e-01,1.3057675e-01,1.3288667e-01,-8.2637336e-02,-5.5262880e-02,-8.2114413e-02,2.1245708e-02,-6.9986896e-02,3.9075621e-02,-1.1812537e-01,4.2875624e-02,1.8438026e-02,-7.0051643e-02,1.4160026e-01,-1.0596263e-01,4.4041844e-02,2.1068659e-01,-4.8769549e-02,-2.9597405e-02,-1.0628526e-01,8.8575602e-02,-9.0198665e-02,1.1405810e-01,-3.8450434e-02,-9.5339858e-02,-5.1699131e-02,-9.3585041e-02,-4.3349565e-03,-1.9759877e-02,1.1234563e-01,-9.9610407e-02,-7.8412259e-02,1.3267046e-01,-9.6229837e-02,5.2769874e-02,-7.5454348e-02,1.7979675e-01,-5.7276013e-02,1.4580164e-01,-7.6767759e-02,8.7308736e-02,-7.6984060e-02,9.0737112e-02,3.5641086e-02,-1.0435928e-01,1.7381929e-02,2.9105460e-02,9.1617103e-02
-1.1093525e-01,6.8376449e-02,1.2314516e-01,-9.9329222e-02,1.4441165e-02,1.8782814e-02,1.2012802e-01,-8.0775455e-02,-1.1496363e-01,7.0442666e-02,-1.3826759e-01,-1.8411625e-02,7.1497752e-02,2.6363080e-02,6.8300916e-02,1.1188439e-01,-1.2252855e-01,1.1132884e-01,9.1507285e-02,1.2699705e-01,-8.5208871e-02,-1.2922754e-01,1.1842421e-01,1.2122786e-01,1.2166904e-01,-1.3684380e-01,-1.2179950e-01,-9.7397165e-02,-4.5536358e-03,7.0847648e-02,-1.4672500e-01,7.9999582e-02,2.8287004e-03,-1.1717489e-01,1.0886949e-01,-1.2178134e-02,1.1310637e-01,2.2896712e-02,2.0067396e-03,4.5498944e-02,-1.5322944e-02,-8.1926437e-02,-8.4048956e-03,-1.2073230e-01,-4.4358931e-02,-5.2374190e-02,7.0432343e-02,-1.3015736e-01,1.1110350e-01,2.2983929e-02
7.9148613e-03,-3.2402683e-02,8.5150648e-02,1.3329774e-01,7.3761036e-02,1.0816067e-01,-1.5044268e-01,-1.2555553e-01,-7.6012364e-02,-1.0642583e-01,-6.4262388e-02,3.7419817e-02,-4.6283414e-02,-1.0385579e-01,-1.1045659e-01,8.8284785e-02,-1.2083601e-01,-8.5775731e-02,1.3732790e-02,6.3389983e-02,7.8394995e-02,-2.8080787e-02,1.4310164e-01,-1.4084713e-01,-7.3326125e-02,5.1083927e-02,-4.0451729e-02,-1.0692627e-01,-1.0864452e-01,-1.3286464e-01,-2.3938710e-01,-1.0858195e-01,8.2441390e-02,4.4229695e-02,3.2994591e-02,1.2549477e-01,1.0497960e-01,5.1687486e-03,-4.1100989e-02,1.1111807e-01,-1.6017815e-02,5.6774361e-02,4.8735309e-02,6.4554257e-02,4.9966631e-02,1.2963269e-01,1.1768742e-02,-1.0602703e-01,-4.7760026e-02,1.3515901e-01
-6.7329694e-02,-1.1193350e-01,9.2705328e-02,1.1075091e-01,-1.2516313e-01,7.5887503e-02,3.5538815e-03,6.9840396e-02,-8.1908168e-02,-1.2499382e-01,-1.0899581e-01,-1.2359499e-01,-5.3379436e-02,-7.4252182e-02,-1.2163505e-01,-4.8550328e-02,4.1638445e-02,-8.7761378e-02,1.6458267e-02,-1.1459556e-02,-2.7774729e-02,-8.5922492e-02,6.0937894e-03,-2.2851660e-02,-9.1648915e-02,-9.1292710e-02,-3.0922968e-02,5.3260946e-02,-6.3860209e-02,3.4834172e-02,-8.9594458e-02,8.4486557e-02,7.8044317e-02,9.0143096e-02,1.1126879e-01,-1.0561216e-01,-2.7330214e-02,5.0004242e-02,-6.9183410e-02,6.3782238e-02,-1.2793703e-01,-4.5245815e-02,-5.1606358e-02,1.2930356e-01,3.4765532e-02,-7.5337915e-02,-1.0236324e-01,-1.1719717e-01,2.8672050e-02,8.2705084e-02
2.3025943e-02,6.6992869e-02,5.4806859e-02,2.8597954e-02,-9.8250622e-03,9.9857109e-02,-1.7239678e-02,7.2105084e-02,1.1602456e-01,-1.0611768e-01,-1.4483080e-01,1.0605999e-01,9.6581215e-02,3.8246297e-02,-3.6354182e-03,-1.0386746e-01,-6.4629164e-02,-1.1893661e-01,1.3658998e-02,7.7205276e-02,5.3454620e-03,-4.5084212e-02,1.0066649e-02,9.6780610e-04,-1.9664808e-02,1.1602640e-01,-8.6359474e-02,1.1386871e-01,8.7730421e-04,-1.1391196e-02,1.4772378e-01,-1.0747594e-01,3.7426691e-02,-7.2873213e-02,-6.7339762e-02,-1.0301352e-01,-6.8741092e-02,1.4051569e-01,1.3910937e-01,8.4610418e-03,-1.2679318e-01,-1.6260251e-01,8.7745517e-02,8.7175370e-02,-3.7868453e-02,-8.4362064e-02,-1.1312943e-01,1.1614830e-01,8.3824161e-02,-4.8182785e-02
-7.5845169e-02,7.4190716e-02,1.0476512e-01,-1.5288705e-01,1.2711450e-01,-3.1644563e-02,-6.8987690e-02,8.5965192e-02,1.2706774e-01,8.7173328e-02,-2.7071479e-02,9.8816188e-02,-7.9834110e-02,2.3312426e-02,6.4753021e-02,-1.3370392e-01,-1.2819451e-01,-2.1173656e-02,4.1401383e-02,3.4488057e-02,-8.6274166e-02,-5.1578797e-02,-7.7903872e-02,-1.3443074e-01,-1.1641972e-01,8.0271386e-02,1.1180916e-01,1.6818138e-02,3.8414477e-02,1.2374113e-01,7.6605150e-02,5.5990291e-02,2.3023262e-02,5.8978084e-02,-1.2926977e-01,7.0159654e-02,-2.8081435e-02,6.3418022e-03,2.1263384e-02,1.3820264e-01,3.9846270e-02,6.8479500e-02,1.4416572e-01,-3.7445435e-02,1.0720333e-01,7.4466581e-02,-3.4574014e-02,8.2163107e-04,3.0001057e-02,-1.1464314e-01
-1.4606702e-01,-9.5878367e-02,-1.3447205e-01,6.7574337e-02,-9.5656135e-02,3.1448733e-02,-1.1615824e-01,1.1844695e-01,-1.3154273e-01,-8.1013260e-03,-4.5980587e-02,-5.9549126e-02,-1.9114598e-02,-1.0787004e-01,-1.7161651e-02,-5.7864510e-02,2.2758913e-02,-1.0606475e-01,-1.5063980e-02,-9.2717437e-02,-9.9053949e-02,8.9295348e-02,5.6596137e-02,-1.3837157e-01,-8.1272524e-03,4.9294172e-02,3.1922341e-02,3.4146740e-02,5.0881800e-02,3.5356784e-02,-1.3085392e-01,-1.3928166e-01,6.4391924e-02,-1.1254823e-01,-5.2710754e-02,-8.8424503e-02,-1.4295683e-01,1.5791062e-02,1.0920744e-01,7.5944415e-02,-4.0278948e-02,-1.1460237e-01,-1.0447061e-01,1.1735624e-01,4.5832734e-02,-4.0968774e-02,-1.0610373e-01,-7.7389511e-02,-4.1380302e-02,6.1937874e-02
-1.0079348e-01,-1.3028658e-01,1.1842115e-01,-5.0158593e-02,1.3375767e-01,7.7531109e-02,1.5758153e-02,-1.3794414e-01,1.0498220e-01,-4.0617954e-02,-1.2095031e-02,1.3254594e-01,-3.3913353e-02,1.3291648e-01,-1.4155314e-01,1.5877326e-01,-7.7241704e-02,-7.9008567e-02,7.8334477e-02,-5.4123553e-02,1.2887415e-01,7.9665398e-02,-5.8018248e-02,-1.3733457e-01,1.3312796e-01,-7.2700364e-02,-8.2435742e-02,4.2452405e-02,-4.8566745e-02,3.0340710e-03,1.3513625e-01,-1.5473566e-01,-2.0410741e-02,-5.1690386e-02,1.3798466e-01,-7.3129518e-02,-2.5169984e-02,-6.8390974e-02,7.8714075e-02,-2.6113253e-02,-6.1978093e-02,-1.3336752e-01,7.4841291e-02,5.7661773e-02,-4.4774227e-02,-3.1385014e-02,-3.2808208e-02,-3.1095166e-02,-1.0286663e-01,-1.3803233e-01
3.0975329e-02,-1.2886950e-01,-5.8933757e-02,8.2322442e-02,-1.3407816e-01,1.1318232e-01,-6.1250020e-02,-4.6733108e-02,-5.0641098e-02,1.0069072e-01,1.2105909e-01,-9.4150072e-02,9.0182697e-02,-1.2123000e-01,-1.2332402e-01,-5.4511250e-02,-4.6300866e-02,1.9464748e-03,9.9599766e-02,1.9666532e-02,1.4128563e-01,1.1177327e-01,4.1387527e-03,6.4375584e-02,-7.3932641e-02,9.3545974e-02,-1.4530615e-01,1.1169365e-01,-1.2473276e-01,-7.0976029e-02,-1.7053987e-01,-1.9519831e-02,-7.6208048e-02,-2.0550924e-02,1.1176165e-01,-5.0741257e-03,8.7865567e-02,8.8612604e-02,-5.9874947e-02,4.4646131e-02,1.2455932e-01,-7.4454988e-02,-4.2970227e-02,-2.2518997e-02,9.6947324e-03,-1.1235518e-01,1.0295728e-01,1.0976792e-01,4.4599070e-02,1.4038030e-02
7.4984267e-02,1.1761578e-02,1.2486138e-01,-5.2656615e-03,1.2128907e-01,-8.9752022e-02,-1.2172896e-01,1.1451413e-01,-2.0634987e-02,-1.0253443e-01,9.3259561e-02,-6.8591002e-02,-6.3063886e-02,-6.7992701e-02,-1.0925804e-01,6.3393381e-02,-1.0662123e-01,-9.1039100e-02,-7.0906541e-02,-2.5766757e-02,1.4609205e-01,7.0737230e-02,-7.1184023e-02,2.2429189e-02,-6.6424499e-02,-1.1958110e-01,-6.9597879e-02,-8.3828407e-02,3.0955717e-02,-8.3931290e-02,3.3292864e-02,9.6549289e-02,-1.5450166e-01,-7.5721410e-02,-5.0756070e-02,5.1627568e-02,5.2972672e-02,9.3201895e-02,-1.1258470e-01,1.6198724e-02,6.3180516e-02,-1.3319519e-01,9.2502020e-02,1.5384074e-01,6.2562639e-02,1.7571200e-02,-3.3380893e-02,-7.7036010e-02,-1.3316733e-01,-1.3814751e-01
-2.2509201e-02,1.1888233e-01,8.9129725e-02,9.5650484e-02,-1.2613386e-01,-4.6139386e-02,-5.0173172e-02,-1.0129293e-01,8.3465309e-02,-1.6967950e-02,7.8247818e-02,8.5659489e-03,-1.4942893e-01,1.0233546e-01,9.7659699e-04,1.5626928e-01,-2.2640376e-02,-8.1856435e-02,1.2607006e-01,1.0562267e-01,3.4963495e-03,1.2566205e-01,-9.9607656e-03,-9.8875652e-02,4.2894258e-02,1.7842605e-01,7.1165586e-02,9.1753792e-02,-3.8682625e-02,-2.0438024e-02,1.6233262e-01,-9.6288621e-02,1.0857932e-01,-9.4377605e-02,1.3850934e-01,-6.5584553e-02,7.9586189e-02,4.6694492e-02,-1.4151284e-01,1.1191203e-01,-4.1838427e-02,-1.2249813e-01,-1.4037615e-01,2.7176641e-02,-9.9701583e-02,-1.3314155e-01,1.7771847e-03,-2.2920256e-02,-1.3360449e-01,-2.5406699e-02
-9.0069665e-02,-9.2287331e-02,-4.9788135e-02,1.4662626e-02,-1.3422645e-01,-9.9706260e-02,-4.3901019e-02,1.1594498e-01,7.9608615e-02,-6.7171062e-02,-6.9038567e-02,-5.8034342e-02,-4.6317416e-02,1.2652648e-01,-8.4559661e-02,-1.7684353e-02,-3.5459461e-02,-6.5553803e-02,-9.9400722e-02,-1.2039444e-01,-6.2159324e-02,9.3038427e-02,6.7955511e-02,9.7386745e-02,-3.0413565e-02,9.9643642e-02,7.4925591e-02,1.2739795e-02,1.4208164e-02,-1.4113979e-01,9.2065234e-02,2.2657779e-02,-9.5639121e-02,1.0663142e-01,5.8264865e-02,1.2241708e-01,6.2996480e-02,3.9730806e-02,7.6315002e-03,-2.8424695e-02,7.3323272e-02,-8.8444774e-03,-9.2631016e-02,1.2384254e-01,6.3537884e-02,-3.6801325e-02,-1.3936497e-02,-1.2319240e-01,8.9219783e-02,-5.5446638e-02
-8.2531648e-02,5.3280627e-02,-4.4796177e-02,-1.2283804e-01,-1.3893536e-01,-6.9344844e-02,1.2846194e-01,1.4631947e-01,-6.7673826e-02,5.5088900e-02,1.0546604e-01,-1.2853134e-01,1.0182126e-01,3.9162493e-02,8.8487159e-02,7.0631698e-02,1.3024251e-01,1.0016457e-01,6.9876555e-03,-1.3104878e-01,8.1761189e-02,-4.7489194e-03,-1.0479919e-01,-6.0530913e-02,8.8952809e-02,5.1216042e-02,-4.2205704e-02,-1.3441591e-02,4.6300784e-02,-3.2007812e-02,5.8163258e-02,8.4230262e-02,-5.2735413e-02,4.2417483e-02,-1.0641839e-01,-8.4254534e-02,1.0295980e-01,5.7111403e-02,7.5166603e-02,1.1485986e-01,8.8153004e-02,-1.1269127e-01,8.9673710e-02,-4.7981230e-02,9.7664004e-02,-2.6727737e-02,-9.0442216e-02,5.0464803e-02,2.6877879e-02,6.8721723e-02
2.7761453e-02,-1.1157186e-01,-2.6700715e-02,3.8318545e-02,-8.4715317e-02,-7.3530080e-02,1.0126781e-01,1.0992564e-01,-1.2563713e-01,-1.2373955e-01,3.3667650e-04,1.2236945e-01,-5.6220516e-02,3.9551604e-02,-5.3976526e-02,9.2577422e-02,1.2811707e-01,8.1737562e-02,9.0763527e-02,-4.6232054e-02,-8.1964281e-03,-3.8973830e-02,1.2210051e-01,9.1909316e-02,-1.3386819e-02,-3.4261030e-03,-1.0911614e-02,7.4916256e-03,1.2110537e-01,-8.8408252e-02,7.1216800e-02,-3.5302099e-02,-1.4168191e-01,-1.4040136e-01,5.9265276e-02,-4.2704151e-03,-2.1884248e-02,1.1603711e-01,-1.2893234e-01,-8.7597693e-02,7.3004133e-02,-5.4755114e-02,1.1597052e-01,6.8915982e-02,-7.3703867e-02,8.3252165e-03,-1.3306577e-01,4.1854342e-02,5.5819461e-02,-2.8933496e-02
-3.9001771e-02,4.5333739e-02,-8.9545362e-02,-1.2639256e-01,7.8490027e-02,6.4306872e-02,-1.1282950e-02,-8.7416856e-02,2.5789439e-02,7.4674833e-02,-2.2368355e-02,6.5360279e-02,6.1729509e-02,-5.0961139e-03,-5.3727331e-02,-6.9482028e-02,1.1826108e-01,7.5900785e-02,7.2905136e-02,-4.2304800e-04,-9.0565722e-02,1.1423361e-01,1.3916255e-01,-2.5207510e-02,-5.9361508e-02,-1.6489518e-02,7.2712628e-02,5.5890234e-02,-9.7360355e-02,9.7960292e-02,-4.8149875e-02,8.6107542e-02,-5.4852796e-02,9.7677074e-02,4.2884141e-02,-2.8758603e-02,-8.6260309e-02,-6.6273932e-02,2.9304238e-02,6.1071545e-02,-1.0459875e-01,-1.2759225e-02,-1.2392832e-01,-1.0402829e-01,7.3257120e-02,-6.8383170e-03,-6.5413276e-02,9.0680408e-02,-4.6754163e-02,2.7727084e-02
-5.2407566e-03,1.1372462e-01,-1.0392368e-01,-4.1387840e-02,-4.7044100e-02,5.2300553e-02,3.3278111e-05,-1.0309781e-01,1.3695948e-02,-1.0624050e-01,6.9824999e-02,6.6388731e-02,7.0845715e-02,1.0835555e-01,7.7599217e-02,6.0519779e-02,-7.1195379e-03,-3.0130102e-02,-4.4400446e-02,1.1363200e-01,4.8554722e-02,2.8327363e-02,-1.3609146e-01,-7.7278176e-02,-7.0358676e-02,9.9375575e-03,8.0748317e-02,3.2118456e-02,-6.0539570e-02,1.0986742e-01,-1.2405084e-01,1.1030612e-02,8.5804301e-02,-6.4790000e-02,-6.3904971e-02,5.6207564e-02,-1.1361235e-01,-3.0102852e-02,2.7196739e-02,9.2951370e-02,-1.0646199e-01,4.8451179e-02,-6.2287609e-02,2.8745778e-02,-8.2976639e-02,1.0668070e-02,1.0626427e-01,-1.0514301e-01,4.8979309e-02,1.2811427e-01
-5.5631194e-02,1.4280544e-01,-7.5428397e-03,1.2473213e-01,2.0682855e-02,4.4108510e-02,8.1278924e-02,2.2657212e-02,7.3899452e-02,-1.6273582e-01,-2.8022644e-02,1.4571526e-01,3.0119190e-02,-4.8915118e-02,1.2492125e-01,-1.1321544e-02,-1.2036085e-01,6.8533773e-02,-2.6810681e-01,1.4121698e-02,-3.8995965e-02,1.5458055e-01,-1.2120792e-01,-7.1548020e-03,9.9579143e-02,1.1367590e-01,-5.4651296e-02,7.7447955e-03,4.5310149e-02,1.1054078e-03,-2.8612613e-01,5.8113379e-02,4.6814579e-02,2.6698853e-02,5.7050050e-02,1.0781061e-01,-1.1037441e-01,-6.0188647e-02,1.5923030e-01,-3.5673020e-02,-6.0253477e-02,7.5152162e-02,1.1140181e-01,-3.2623585e-02,9.6108135e-02,8.0434338e-02,1.2503421e-03,8.0949809e-02,-2.4059095e-02,-1.0123169e-01
-1.5902527e-02,1.0378620e-01,4.2532996e-02,1.4162532e-01,1.0250788e-01,8.1565330e-02,-1.1942671e-01,-6.4178977e-02,8.7832660e-02,-8.4902653e-02,-9.2987776e-02,1.6036560e-02,-1.0391264e-01,7.8015876e-02,1.8377618e-02,8.1818286e-02,-4.6681189e-02,-1.0814432e-02,6.9898888e-02,1.8693502e-02,-1.1744403e-01,2.6184990e-03,1.2017309e-01,4.2246336e-02,-1.1830330e-01,9.7024185e-02,1.2399903e-01,8.8072058e-02,2.9630541e-03,4.1483291e-03,-1.0059828e-01,-2.0849765e-02,-1.4570297e-01,-1.2418496e-01,-5.5765995e-02,2.5200973e-02,1.1998582e-01,-1.1935819e-01,-1.2972910e-01,1.3537021e-01,-7.6870405e-02,4.6650296e-02,1.3315812e-01,-2.1556332e-02,3.8337168e-02,9.8407422e-02,-3.7226724e-02,-8.1049314e-02,6.7169358e-02,-1.8765208e-02
-6.5852443e-02,-3.8622793e-02,-1.3197474e-01,-1.4479018e-02,-7.5051795e-02,-1.1346699e-01,9.5861613e-02,1.0635080e-01,-7.7448960e-02,-1.0558972e-01,4.5295843e-02,1.1420683e-01,-4.6525167e-02,9.0050021e-02,3.5553264e-02,-6.4627043e-02,4.4251723e-02,-5.3395320e-02,-6.6317070e-02,-1.2591343e-01,-3.0373804e-02,5.7941397e-02,3.9068491e-02,6.7743559e-02,-1.1821358e-01,-1.0163371e-01,5.8374240e-02,-1.3988705e-02,5.5371848e-02,6.4410173e-02,-1.1535532e-01,-1.3770745e-01,-7.1237383e-02,1.3494483e-01,-1.0944197e-01,-9.8451814e-02,2.1136580e-02,-8.4007738e-02,-9.2699576e-02,-8.0662787e-02,-2.3060606e-02,-8.6640708e-03,6.9335271e-02,1.3810936e-02,1.0159284e-01,6.5373704e-02,4.6331168e-02,-9.3809946e-02,-1.3526689e-01,1.9712454e-02
5.8561248e-02,-1.4625689e-02,-1.0437312e-01,-9.2445015e-02,-9.1315659e-02,2.0011042e-02,9.0142048e-02,8.5945646e-02,-7.3159953e-02,-9.1684841e-02,-7.3618612e-02,-1.0587672e-01,7.7114700e-02,3.7294066e-02,-1.8277969e-02,-1.1236101e-01,9.6899093e-02,-1.6323584e-02,1.7900772e-03,-3.0399355e-02,1.0068964e-01,-8.0451882e-02,-9.5938331e-02,-1.1457152e-01,1.1819127e-01,-6.9953376e-02,8.9516395e-02,-8.9213193e-02,1.0338589e-01,6.3866157e-02,7.0970590e-02,4.6316169e-02,4.6860896e-02,1.6927175e-01,-1.1448366e-02,5.8800444e-02,-1.3381450e-01,8.9609679e-02,1.3981114e-01,1.7674024e-02,2.0969101e-02,-9.1621540e-02,-1.0999127e-01,-3.7206589e-02,-5.1604838e-02,7.6113000e-02,-7.5921197e-03,7.1459804e-02,-1.3107069e-01,8.0790988e-03
-3.4757891e-02,-1.3014448e-01,3.6002459e-02,3.4170557e-03,7.1963855e-02,-1.0019273e-01,-5.1000020e-02,-1.1579351e-01,2.6181042e-02,7.3765173e-02,3.2391126e-02,6.5576382e-03,-5.5844968e-02,1.5680850e-02,1.2525677e-01,-8.2340601e-02,3.8664872e-02,-3.0132039e-02,1.4861377e-02,1.3995686e-01,1.2074857e-01,1.3388393e-01,-2.8069913e-02,1.4057764e-01,-1.3317311e-01,-8.9568597e-02,5.3802002e-02,1.2338806e-01,4.5118582e-02,-1.2455581e-02,9.8940012e-02,6.5323873e-02,3.5221482e-02,1.2080395e-01,5.6852040e-02,9.3144601e-02,-1.2418106e-01,-7.6744549e-02,-6.1843145e-02,-3.0418888e-02,-1.4313765e-01,1.0710226e-01,-5.5716834e-02,-9.9347034e-03,-1.5040163e-01,1.0394732e-01,1.3287017e-01,3.2818888e-02,1.0209932e-01,-1.2856427e-01
-3.4041471e-02,1.2366193e-01,1.6213440e-04,3.3783058e-02,8.6074018e-02,1.2797807e-02,-1.4419336e-01,3.3301060e-02,-1.0706205e-01,-5.7548295e-02,-7.1627450e-02,-1.7892093e-02,1.2232947e-01,1.4051111e-02,-4.9056934e-02,9.4606100e-02,1.0355433e-01,-6.2497854e-02,-7.5410041e-02,-1.3399524e-01,1.0919044e-01,3.4026116e-02,-2.4635110e-02,-1.2393305e-01,3.4543391e-02,1.4082964e-01,-3.3341037e-02,4.3125648e-02,1.3715379e-01,-1.7820162e-02,1.2536797e-01,1.0759677e-01,-1.2915286e-01,-2.6134369e-02,4.2622831e-02,-9.4964692e-02,3.7727131e-02,9.2344041e-02,-1.0945712e-01,1.1459795e-01,-1.2649600e-01,-6.0363872e-02,-6.7395178e-02,-2.7536584e-02,-1.2641017e-01,4.0079392e-02,1.7235845e-01,-8.2448934e-02,-1.4190750e-02,1.1245584e-01
-5.6559891e-02,6.5627602e-02,-5.7434791e-02,3.7980880e-02,-7.9066675e-02,-1.2019355e-01,-2.5851580e-02,8.3293591e-02,-9.7184693e-02,-4.1655908e-02,-3.7320477e-02,1.8726067e-03,-2.5172161e-02,-2.2145276e-02,-2.2647475e-02,-1.9797797e-01,-1.3794015e-01,-8.9573996e-02,-2.0285120e-01,4.2354376e-02,-1.0795442e-02,-9.1744168e-02,9.6065394e-02,-3.9682598e-02,1.1428002e-01,1.2094833e-01,9.3579915e-03,-3.5843762e-02,1.1430273e-01,1.2213373e-01,-1.2534580e-01,-1.1375994e-01,-1.1233085e-01,9.9863351e-02,2.0045158e-02,1.0352708e-01,3.4126682e-02,-1.3406955e-01,9.7832003e-02,-8.5079242e-02,-1.1944126e-01,1.1723889e-02,-3.3136396e-02,1.2844872e-01,1.1356452e-01,-9.3600146e-03,1.9140944e-01,-6.8507473e-02,7.6103404e-02,1.0988707e-01
-8.1998214e-02,3.9862730e-02,-2.3125588e-02,-9.6602719e-02,1.8158049e-02,-1.0780452e-01,2.6672696e-02,-1.1155278e-01,5.4564026e-02,1.2982142e-01,2.7930627e-02,-1.1402324e-01,6.6335993e-02,-7.5923540e-02,5.5795359e-02,-9.3838734e-02,-4.6310517e-02,8.3034078e-02,-2.7493531e-02,3.8995580e-02,-6.2791930e-02,1.1361973e-01,-7.5802705e-02,9.8008669e-02,8.6630432e-02,-4.9891956e-03,1.2845484e-01,1.6169258e-01,-1.0316227e-01,1.1027461e-01,-6.4221913e-02,-9.8493117e-02,2.2787379e-02,7.0527278e-02,-5.1318891e-02,-1.3479620e-02,-2.2346242e-02,-5.9470404e-02,4.3799328e-02,4.6707879e-02,9.3692571e-02,-9.8601635e-02,1.2268530e-02,-7.2897501e-02,-1.3362902e-01,-8.5035132e-02,1.0555790e-03,1.1866552e-01,1.3771765e-01,3.8692319e-02
9.4555096e-02,-1.1449996e-01,1.0730934e-01,-1.2323987e-01,1.3647387e-01,1.3618636e-01,-1.9356615e-04,-1.6960565e-02,-6.6067255e-02,6.8146623e-02,-6.4080379e-02,-8.9373988e-02,-1.7729095e-02,-4.7690900e-02,-1.2583113e-01,-9.1692786e-02,-4.5054482e-02,-9.7633655e-02,-1.0731017e-01,1.4545211e-02,8.4561597e-03,-1.1744732e-01,1.3982612e-02,-7.2957620e-02,3.4769326e-02,-1.1785213e-01,-1.3419784e-01,-1.2846950e-01,-1.7329759e-02,-1.0221587e-01,9.5413505e-02,-3.1074240e-02,-1.6278489e-02,-5.0667468e-03,8.1894152e-02,1.0639009e-01,-5.5250636e-02,-7.8543667e-02,6.4809553e-02,5.9727895e-02,-1.1205336e-01,-5.8101318e-02,4.2110765e-02,-1.0590116e-01,1.3879274e-01,3.0290368e-03,-4.2537972e-02,-8.0199937e-02,2.3478372e-03,1.6046132e-02
6.3209759e-03,1.5304472e-03,7.2063593e-02,2.5816590e-02,4.0411050e-02,-6.4371614e-02,-1.0148452e-01,-1.4011318e-01,3.2601758e-02,-4.0500869e-02,3.3777470e-02,1.2396069e-01,3.4491866e-02,-7.9442239e-02,-1.3572230e-01,2.7165899e-02,-5.8016988e-02,-1.4371072e-01,-1.9090142e-02,-1.0926728e-01,4.7044060e-02,-8.7181873e-02,9.8809227e-02,3.0618052e-02,-9.3819373e-02,-4.5485012e-02,1.5524119e-02,-1.0333094e-01,7.2997626e-02,9.4546896e-02,1.4015305e-01,5.2818168e-02,1.9343421e-02,4.9448478e-03,1.2577371e-01,9.7680495e-02,6.4150828e-02,2.6862696e-02,6.6882604e-02,-1.1137057e-01,-3.0047741e-02,1.4762270e-02,5.8310047e-02,8.4366979e-02,-9.6224000e-02,2.0186490e-02,-1.0813495e-01,4.9907643e-02,-6.2492070e-02,1.2298470e-02
-3.2377697e-02,3.2625406e-02,7.9717419e-02,1.3746122e-02,7.2066475e-02,1.2579750e-01,-3.6526598e-02,-5.6867317e-02,1.3926982e-01,9.1308720e-02,8.6335907e-02,8.3023037e-02,6.2266526e-02,6.4037074e-02,-1.0126850e-03,-1.0240165e-01,4.1981876e-02,-1.2549562e-01,-2.3626782e-02,-4.4325395e-02,5.3607799e-02,-9.5709284e-02,1.8733803e-02,-3.9655234e-02,-8.8074145e-02,-9.2428654e-03,-5.1641578e-02,-1.8554942e-02,-1.3577395e-01,8.3856612e-02,7.3310799e-02,-2.7683532e-02,-5.2606586e-02,-1.3982469e-01,-3.7977215e-02,1.0051512e-01,4.4095746e-02,1.2458223e-01,-2.9712054e-03,-6.9915107e-02,7.4358930e-02,-2.4888930e-02,-2.1341087e-02,1.1894007e-01,1.2275940e-01,7.3217908e-02,-1.6350093e-02,1.6208885e-01,3.0322853e-02,3.2497163e-02
1.2505727e-01,-6.7739879e-02,1.0976860e-01,-9.8413245e-02,-7.6976084e-03,7.6968122e-02,1.1270524e-01,6.6556720e-02,8.0564333e-02,1.0457082e-01,-3.8897274e-02,-1.2547633e-02,-3.0545194e-02,9.4711930e-02,-7.8979650e-02,-2.8612769e-02,-8.3639524e-02,-2.4462175e-02,-1.1532323e-01,-4.7029879e-02,5.7053556e-02,1.3521068e-01,-6.9636487e-02,-4.9202808e-02,1.3249027e-01,-2.9081099e-03,-5.7459646e-02,-1.3450376e-01,2.6802234e-02,2.2504963e-02,1.5108925e-02,-3.7535501e-02,-5.1665694e-03,7.0967496e-03,1.0469438e-01,-1.0899097e-01,1.2037400e-01,-1.0508461e-01,-3.9542809e-02,-1.4238520e-01,-1.0862643e-01,6.0130682e-02,-1.5269640e-01,9.6584719e-02,1.1385249e-01,1.0717717e-01,-4.2750254e-02,-8.5432420e-02,-1.4109582e-01,-4.8734902e-03
-9.2114582e-03,1.0059946e-01,1.2484660e-02,-9.9924525e-02,-1.1280392e-01,-7.1459564e-02,-9.0218465e-02,-1.2313516e-02,1.4816458e-01,1.2047834e-01,9.5260669e-02,9.8830682e-04,7.4532277e-02,2.1048829e-02,-8.6171071e-04,5.4843624e-02,-7.6908501e-02,1.1385170e-01,-1.3371461e-02,-1.1295767e-02,-2.3791535e-02,-1.0560066e-01,-6.4756757e-02,-2.9481331e-02,6.2650744e-02,9.7665233e-02,1.0197696e-01,-1.1609406e-01,3.1813541e-02,1.6206912e-01,-1.3162881e-01,7.6012835e-02,5.8418752e-02,-5.6357020e-02,-2.3192503e-02,4.6449779e-02,-2.8258799e-02,1.2419519e-01,-1.4280024e-02,1.4291133e-02,4.5456326e-02,1.0280008e-01,7.9768670e-02,1.3660645e-01,-9.8758110e-03,1.2254558e-01,4.1663867e-02,-1.0547197e-01,1.0415979e-02,-1.0047114e-01
1.9672017e-02,2.7337972e-02,-4.1442180e-02,5.2419728e-02,9.5948668e-02,8.3203233e-02,3.3076020e-02,8.0436257e-02,9.6291382e-02,1.4312867e-01,1.2196933e-01,-5.7241716e-02,2.9193087e-02,1.3331716e-02,1.2685073e-01,-1.3981192e-01,-1.0572780e-01,1.6162395e-02,-5.9800885e-02,-1.4166065e-01,-1.2446120e-01,1.0359257e-02,3.8944251e-02,-4.0313547e-02,1.0002696e-01,5.6356718e-02,4.9101536e-02,1.5227265e-01,-1.1239024e-01,-1.0863219e-01,1.4269692e-01,7.0543437e-02,6.6877460e-02,2.3833771e-02,-1.3681625e-01,1.1271558e-01,1.4755198e-02,1.0908277e-01,-1.4831902e-01,-8.2304840e-02,-1.2884346e-01,1.3577784e-01,3.6994331e-02,1.5611098e-01,7.4621410e-02,-3.6169249e-02,1.8308659e-01,2.2372669e-02,-1.0220176e-01,-5.3442779e-02
6.0480314e-02,-5.9187364e-02,-4.0356795e-02,-1.1108665e-01,-1.0054694e-01,1.5747632e-01,-1.3440486e-01,-1.2472805e-01,5.3757613e-02,1.0471342e-01,-1.2271968e-01,-1.4372835e-01,-1.3018495e-01,-1.0141507e-01,1.3257943e-01,5.4552229e-02,7.1078749e-02,6.1856363e-02,9.3839231e-02,1.4947750e-01,-1.2409293e-01,-5.2121476e-02,7.5251336e-02,1.3092139e-01,5.4653435e-02,-6.6482790e-02,-4.3450600e-02,-1.2157657e-01,-3.9778026e-02,7.2442824e-02,9.8438440e-02,9.5806773e-02,4.6931850e-02,1.9547095e-02,1.3037696e-01,4.5475093e-02,-1.1940735e-01,9.1977919e-03,-1.2406617e-01,2.6646329e-02,-1.1787904e-01,-9.5713655e-03,-8.8157601e-02,2.1218859e-02,-1.1768502e-01,6.0323944e-04,-7.7514480e-02,-7.9369379e-02,1.1182151e-01,6.0420105e-02
-2.0581735e-02,5.4544788e-02,1.1673465e-01,5.8040134e-02,1.4472173e-01,1.4926242e-02,8.7393983e-03,-7.7279154e-02,-3.7148811e-02,1.1040002e-01,-2.4907061e-02,1.0267029e-01,1.1990784e-01,-5.4059323e-02,6.2293810e-02,-1.0010128e-01,4.5031729e-02,-9.3697223e-02,3.5458163e-02,-1.5027832e-02,-8.9857287e-02,1.9420923e-02,-4.6950902e-02,-7.1245983e-02,1.4454103e-01,-2.4449294e-02,1.3233669e-01,5.2151258e-02,-4.5971783e-02,-1.0560600e-01,4.0702054e-02,7.3283267e-02,-1.5346067e-01,6.2627437e-02,-4.3497190e-02,2.9889341e-02,-6.8722558e-02,-4.8687357e-02,-7.8795890e-02,-3.4952479e-02,4.8865823e-02,-8.2054098e-02,3.4286922e-02,1.3220883e-01,1.5147863e-02,-1.0112039e-01,1.5412616e-01,-3.4274575e-02,-7.4914915e-02,-1.4667335e-01
1.6582348e-01,-7.5737518e-02,-5.3503671e-03,3.9540157e-02,6.8736936e-02,9.6517523e-02,1.8696643e-02,-1.0729105e-01,3.0480794e-02,-1.0939655e-01,6.6712245e-02,-1.0260748e-01,-8.8517867e-02,-1.1877003e-01,-6.8995643e-03,1.1213161e-01,-9.4232003e-02,1.3860626e-02,1.3144444e-01,2.3564253e-02,1.4313294e-01,-1.4691993e-01,-7.4982613e-02,-8.8707759e-03,9.1773763e-02,9.0601348e-02,1.1239483e-01,-2.6032593e-03,-5.8088239e-02,-1.0676828e-01,-2.9542008e-02,3.2451631e-02,-9.2575612e-02,-1.0740966e-01,-4.6404150e-02,-5.9916365e-02,9.8217998e-02,9.8225832e-02,-9.4714602e-02,1.4159045e-01,-1.3927943e-01,-1.1368075e-02,1.1103067e-01,-1.3269730e-01,5.4897514e-02,5.6776367e-02,1.4318357e-01,-1.0824405e-01,6.6975450e-02,-7.5914323e-02
-1.2924494e-02,8.3360416e-02,6.0943042e-02,-1.2210463e-01,9.5188291e-02,1.0096543e-03,8.2492809e-02,9.2108858e-02,-4.1219924e-02,-8.5894594e-02,-8.4394933e-02,1.1806095e-01,-5.6615500e-02,3.6766974e-02,4.8969797e-02,2.8130784e-02,-1.0960552e-01,3.7230892e-02,1.6053196e-01,-1.3597521e-01,-6.8524552e-02,-3.9229536e-02,-4.0318592e-02,-5.5051937e-02,8.7435033e-02,-8.3749572e-02,2.7961960e-03,8.5530074e-02,5.9914977e-02,-7.1025380e-02,6.3741432e-02,5.4535490e-02,2.5068207e-02,-1.6055535e-03,-1.7818745e-02,5.5911898e-02,8.7916338e-02,-1.6587209e-03,1.8436976e-02,-8.1942241e-02,1.7335213e-01,3.1936440e-02,1.1098129e-01,-3.7596972e-02,-1.4993884e-01,-9.7904683e-02,-9.4047569e-02,1.3301870e-01,-9.3138621e-02,-5.0480711e-02
6.5055161e-03,-9.6181518e-02,2.3687936e-02,1.7436489e-02,6.2071854e-02,2.4205593e-02,-1.3047410e-02,-5.6220458e-02,-1.4388645e-02,6.0371220e-02,-8.3375117e-02,-7.2786976e-02,1.0343159e-01,1.0789866e-01,-4.5481820e-02,-2.1976029e-01,1.3634831e-01,-6.2407908e-02,-5.4637074e-02,1.5181229e-02,1.9128539e-02,2.5411099e-02,-9.3186224e-02,-7.9710500e-02,-1.7882077e-02,-1.9254647e-02,7.3995173e-03,1.3721536e-01,-1.0521081e-02,-4.9628826e-02,-4.7362403e-02,5.3335430e-02,-1.2386134e-01,1.9578258e-01,5.6089363e-02,-8.1327296e-02,-1.0309755e-01,-1.3250114e-01,9.9617885e-02,-8.3652524e-02,-1.4476498e-01,1.3029618e-01,9.7119484e-02,9.2016763e-02,-8.7642422e-02,-2.2437689e-02,-1.9624521e-02,-5.3124340e-02,-3.0803864e-02,-1.0810431e-01
6.3818189e-02,1.3213454e-01,-8.9137401e-02,-5.9212090e-02,-7.9648526e-02,-8.8056448e-02,1.1100989e-01,-2.3759049e-02,1.3686460e-02,7.8456136e-02,4.5518097e-02,9.8112058e-02,6.7023590e-03,-9.5626621e-02,-4.3903134e-02,-1.1014715e-01,-1.0765792e-01,-8.9710087e-03,-9.9428893e-02,9.9449271e-02,-2.9502218e-02,9.6439784e-02,4.6106718e-02,1.7773327e-02,1.3684637e-01,-7.9482385e-02,5.1716505e-02,-1.0476932e-01,4.2106631e-02,6.6358728e-02,1.3990192e-01,-3.3704134e-02,-1.4292511e-02,7.0650943e-02,1.2509127e-02,6.4089297e-02,-3.3904895e-02,1.1416454e-01,-7.6908508e-02,6.4539952e-06,1.1944467e-01,9.5847727e-02,-5.0484368e-03,-8.2407171e-02,-5.1704755e-02,1.1590972e-01,-2.7249555e-02,-5.2212504e-02,-1.0417623e-01,-5.6032925e-02
-1.1540130e-01,1.1744950e-01,-3.3634997e-02,5.5742030e-02,1.4448688e-01,9.2420878e-02,-1.0813555e-01,-1.3478356e-02,-1.4320329e-01,-1.0552872e-03,-9.8204045e-02,9.6955369e-02,1.7141777e-02,-1.1301465e-01,1.4632662e-01,-1.2179871e-01,4.2420138e-02,-6.9407694e-02,-8.9471809e-02,-1.2849728e-01,8.5490015e-02,-2.6541128e-02,-8.1642091e-03,-4.2176239e-02,6.4653602e-02,9.6854835e-02,2.7302184e-02,-3.0459405e-02,-4.0122490e-02,1.3202844e-01,2.8962699e-02,1.4373039e-01,6.5861903e-02,-4.3638753e-02,-1.0607140e-01,5.5030459e-02,2.4873976e-02,-1.0342779e-01,-2.2869119e-02,-1.0136874e-01,-6.5568876e-02,1.8137074e-01,-9.0494351e-02,1.5105557e-01,-1.3375726e-01,1.9492374e-01,1.5690468e-01,-9.2296624e-02,8.2593188e-02,3.7700821e-02
1.3375524e-01,1.2901186e-01,1.1749386e-01,1.3119745e-01,-1.7235987e-02,2.6280733e-02,-8.7935054e-03,-1.5494530e-01,-3.0175915e-02,-1.3929760e-01,-7.1848014e-02,6.6499430e-02,-1.6770861e-02,5.0022588e-02,9.0188985e-02,1.4795135e-01,5.0821401e-02,-1.2478858e-01,-1.3645544e-02,-1.1547616e-01,-9.3832406e-02,7.3080168e-02,9.6869810e-02,1.0796067e-01,8.1421644e-02,-1.1600291e-01,6.8152061e-03,-2.2500018e-02,2.3337434e-03,8.1692472e-02,6.5679611e-02,1.5512720e-01,8.3277064e-02,-9.0978133e-03,-2.8950189e-02,-1.2782944e-01,-1.2886007e-01,1.0647295e-01,-8.3088909e-02,-1.3028278e-01,-5.2715542e-02,-8.4474667e-02,-7.2849762e-02,-1.2873052e-01,2.4809503e-02,-1.2301951e-01,1.5455227e-02,6.7269244e-03,4.9612450e-02,1.3386571e-01
-1.5315343e-02,1.9827047e-02,-1.6365298e-01,-8.4200800e-02,5.8728206e-02,1.1123309e-01,1.1393426e-01,8.1167231e-03,1.1036350e-01,-4.1196820e-02,-1.2483800e-01,-3.3228614e-02,-1.2523219e-01,-1.6044382e-02,-6.6345113e-02,6.2519685e-02,9.5316686e-02,2.2849749e-02,7.6086078e-02,1.0051353e-01,8.7774842e-02,1.1247675e-01,1.3571972e-01,5.6748484e-02,-1.3264139e-01,-6.5416551e-02,1.0131156e-01,-1.0926523e-01,-5.4719699e-02,8.8151679e-02,1.2348003e-01,5.0569059e-03,-2.3648906e-02,-9.5798407e-02,9.6772639e-02,1.0542829e-01,2.6705655e-02,3.5460030e-02,1.9379081e-01,-7.9831476e-02,4.0428301e-02,-9.9682927e-02,-6.5564715e-02,-7.5534405e-02,7.1850880e-02,1.1760593e-01,-7.8541331e-02,-6.2904899e-02,4.6935768e-02,1.3461900e-01
-1.1093987e-01,7.1476726e-02,1.3038135e-01,1.2598564e-01,1.0429000e-01,-1.6734334e-01,1.4821743e-03,4.3910541e-02,-1.9006342e-02,1.2919532e-01,1.5583982e-01,1.2375158e-01,-4.5103847e-02,4.7138163e-02,5.7569148e-02,-4.5403256e-02,5.1563630e-02,1.3169235e-01,-1.1885935e-01,-1.3157295e-01,1.6597575e-02,1.6079755e-02,-1.1434488e-01,-1.2450535e-01,-8.2150060e-02,1.1378423e-01,-3.9013692e-02,-1.3382119e-01,-3.3290681e-02,-1.1869304e-02,-1.9695844e-01,-7.7921244e-02,4.0469864e-02,8.3543407e-02,1.6202193e-02,-3.4402085e-02,3.6398994e-02,5.1548749e-02,-1.0738809e-01,-4.2313892e-02,3.4769359e-02,-1.0321442e-01,-1.0182275e-01,-7.4825366e-02,-1.0187876e-01,-1.4832354e-01,6.6697443e-02,7.3320052e-02,5.9834551e-02,1.2652399e-01
4.0031901e-02,-2.1256014e-02,-5.5210952e-03,-9.3979303e-02,1.4519020e-01,-1.1625016e-01,-1.1821893e-01,1.0182811e-01,2.0900476e-02,1.0255258e-01,-1.4645880e-01,8.7942083e-02,1.5207262e-01,-8.9623461e-02,-4.1990344e-02,-4.9168296e-02,9.9287449e-02,-1.3207065e-02,-1.3013023e-01,-2.2565658e-02,-1.3498806e-01,-1.2872392e-01,5.5993780e-02,2.7531380e-02,-1.4237507e-01,-1.1144158e-01,1.0315696e-01,-1.0092919e-01,8.3237239e-02,-5.2794775e-02,-1.1268566e-01,-1.3655703e-01,-7.2847920e-02,-1.2567761e-01,4.0329672e-02,5.8530886e-02,1.3499887e-02,1.5725919e-02,-2.4110868e-02,1.2371060e-01,-8.6373006e-02,-6.2126214e-02,-5.4594315e-02,8.9831823e-02,-1.3588005e-01,-7.6720545e-02,-1.1307420e-02,6.2154987e-02,1.1708422e-01,1.2278906e-01
-1.1579923e-01,1.2405393e-01,9.5216113e-02,1.3347721e-01,5.2150918e-02,-6.1160748e-02,7.6979763e-02,-2.9114279e-03,-3.4386602e-02,4.8433635e-02,5.9184726e-03,-4.4319415e-02,4.2965715e-02,-5.4949683e-03,3.7562154e-02,1.1862382e-01,1.0411127e-01,-1.3302481e-01,1.8039261e-01,-9.9362450e-02,-6.3816874e-04,-8.1310930e-02,-8.3110455e-03,1.4264252e-01,4.8891555e-02,-1.3884407e-01,5.8332743e-02,-1.1777054e-02,5.9982903e-02,-4.0087320e-02,2.3521357e-01,-9.2789761e-02,1.3109026e-01,-1.3229419e-01,-1.4022011e-01,-5.9884996e-02,1.3282739e-02,-9.6872881e-02,1.2247735e-01,7.4425826e-04,5.0275937e-02,6.0242793e-02,-1.1262396e-01,1.8496347e-02,-1.7026118e-02,7.8312328e-02,-6.2482983e-02,6.9939715e-02,-8.4187642e-02,-7.9427162e-02
-6.5913747e-02,4.7399343e-02,-4.3834375e-02,-1.3757394e-01,6.7554593e-02,2.1314654e-02,-4.5637637e-02,1.0714607e-01,-4.2264277e-02,-5.5376024e-02,-1.0868651e-01,-5.4427003e-02,-7.5273027e-02,-2.8959859e-02,2.0931617e-02,1.2490221e-02,2.0290621e-02,-1.3672025e-01,1.0177947e-01,6.5920745e-02,-9.3580734e-02,1.4915908e-01,1.1154024e-01,9.3380233e-02,-6.5307129e-02,5.6219259e-02,-4.0478547e-02,-1.2344097e-01,-2.2321706e-02,-1.3926612e-01,-1.1227242e-01,7.7358303e-02,-9.0525391e-02,-1.0931239e-01,-4.8368681e-02,-1.0337619e-01,4.3842023e-02,-8.7850648e-02,1.4885470e-01,-5.1499530e-02,2.6756743e-02,1.0055646e-01,-7.4689759e-02,4.8778842e-02,6.6286789e-03,1.0345833e-01,8.8103676e-02,7.2625708e-02,-8.4210396e-02,1.1269550e-02
5.1551073e-02,3.3729904e-02,-9.7189555e-02,3.4831278e-02,4.2902898e-02,-5.6409864e-02,5.5543574e-02,-1.0176657e-02,4.6487226e-02,5.9122418e-02,4.4332315e-02,-8.2356923e-02,1.1203800e-01,-7.7155121e-02,1.3006738e-01,-6.5536997e-02,-6.5631569e-02,-1.0411651e-01,-4.8203564e-02,3.1591522e-02,-7.4024567e-02,4.3973408e-02,1.0775009e-01,-1.0455419e-01,-1.1622244e-01,6.8395739e-02,-1.0027597e-01,-1.0484660e-01,-5.3153343e-02,1.2699519e-02,4.8411291e-02,3.5636173e-03,-1.4141752e-01,1.0244446e-02,8.0245577e-02,6.4670354e-02,-1.2620227e-01,-1.1183310e-01,-5.8418555e-02,8.6101414e-02,-1.1188650e-01,-8.3898273e-02,7.1885291e-02,-8.3974548e-02,3.0307022e-03,1.3115121e-01,9.4430426e-02,-1.4620845e-01,1.1580442e-01,-7.2979161e-02
-1.2227691e-01,1.0492289e-01,1.1914681e-01,1.1382032e-02,6.8906330e-03,-6.5505174e-02,-6.6211665e-02,-5.5734340e-02,-1.9588666e-02,6.6545026e-02,4.7969953e-02,2.3031370e-02,1.0843404e-01,-3.8392506e-02,5.7799958e-02,-4.6744437e-02,-5.4176170e-02,8.3644913e-02,-7.8326032e-02,-9.1038037e-02,1.5509890e-02,-3.0952694e-02,-1.0226924e-01,-8.7324980e-02,-1.5570001e-01,-5.1229661e-02,1.5283345e-02,-3.0772711e-02,6.7570917e-02,1.0723289e-01,-2.2352227e-02,9.5514599e-02,-3.9869860e-02,-1.4814673e-01,3.2372826e-02,2.0288985e-02,1.5049185e-02,-8.9970124e-02,-5.1680811e-02,-4.9784741e-02,1.4218281e-01,-1.3715059e-01,-1.2795982e-01,5.5939273e-02,1.4823285e-02,1.2175193e-01,1.5310268e-01,7.4089840e-02,-2.9992233e-02,3.7428857e-02
-7.9995048e-02,5.2701626e-02,-7.3787303e-02,-5.2197382e-02,-7.9045970e-02,-1.3048666e-01,9.9317252e-02,-6.5641030e-02,1.0971615e-01,-5.3121170e-03,-1.6625463e-01,9.2586111e-02,-1.4547068e-01,-1.2118367e-01,-7.0916233e-02,1.1464049e-01,7.7268286e-02,5.9292287e-02,3.2781818e-02,1.1077604e-01,-8.3569171e-02,9.5887737e-02,-5.5335302e-02,7.0231535e-02,-1.2241135e-01,-1.4487753e-02,1.0923580e-01,-3.5539011e-02,1.2281605e-01,6.2187842e-02,-4.5463568e-03,6.1107392e-02,-4.7722508e-02,2.7262102e-02,1.1061911e-01,7.9901558e-02,-3.4489533e-02,1.3346925e-01,-1.1636372e-01,-9.6369287e-03,-2.5780459e-02,-6.7122039e-02,-1.2689751e-02,-1.1671552e-01,3.7435996e-02,9.0972016e-02,1.2823458e-01,-1.2738642e-01,4.2906868e-02,7.5671522e-02
-1.1549668e-01,7.5771153e-02,-2.1347864e-02,1.4220498e-03,-1.8514279e-02,-1.2441844e-01,-3.3137374e-03,3.7271666e-03,-1.6193635e-01,-1.9416107e-01,-5.1943847e-03,-4.3500041e-02,-7.7413849e-02,4.8547086e-02,1.0105227e-01,-2.8687147e-02,1.2519646e-01,-1.0365339e-01,8.4629168e-02,-8.8238294e-02,-3.9889039e-02,-1.8222369e-02,4.0466491e-02,-8.0441251e-02,-4.2175826e-02,8.3177130e-02,-7.2410083e-02,-2.1655098e-02,9.7072706e-02,2.0040944e-03,-5.4348991e-02,1.0606278e-01,1.2357001e-01,1.1720401e-01,-5.1809249e-02,-1.3984936e-01,-2.5717906e-03,6.3414784e-02,2.8896250e-02,5.6757880e-02,-1.2932154e-01,1.3152907e-01,-9.0057383e-02,5.2008543e-02,-3.9551053e-02,-3.3211332e-02,8.1490855e-02,-2.2398071e-01,3.1675058e-02,5.2790773e-02
1.4290931e-02,6.6355162e-03,-5.4785293e-02,1.6231340e-02,-5.1433696e-02,3.0680782e-03,1.5763396e-02,-6.3496357e-02,4.8639532e-02,-2.0105015e-02,-2.8537313e-02,-7.2770016e-02,6.7673787e-02,-1.2558555e-01,9.2394445e-02,9.9659868e-02,-1.2941215e-01,1.1027132e-01,3.4776221e-02,-1.0627265e-01,9.9439050e-02,-1.0275495e-01,-1.2296467e-02,-9.1889898e-02,3.6411117e-02,2.7689970e-02,-1.3050197e-01,1.2076280e-01,9.3256064e-02,2.1823733e-02,-1.5013886e-02,1.1843387e-01,1.2115040e-01,1.1368466e-01,-7.7964218e-02,6.4887430e-02,-7.0224106e-02,-7.2982149e-03,5.4512086e-02,1.1206746e-01,-1.2846503e-01,1.1595067e-01,-8.2436963e-03,2.9446572e-02,8.6840988e-02,-1.1109066e-01,7.6599162e-03,2.1322847e-03,-1.1797241e-01,4.1072502e-02
-9.4521786e-02,1.4086528e-01,-2.1329368e-02,2.9782752e-02,6.8687082e-02,-1.1262609e-01,-4.5226289e-02,4.3090531e-02,-1.4997928e-01,7.9058733e-02,-9.3674522e-02,4.0632647e-02,9.9773758e-02,7.3508688e-02,5.5683355e-02,-2.7633360e-02,1.0496973e-02,2.4450654e-02,1.7237035e-01,1.2008007e-02,-4.8620912e-03,5.4223328e-03,-7.9035091e-02,-1.1009384e-01,-1.1970615e-01,5.1931256e-02,-6.6007808e-02,-3.0201020e-03,1.1885010e-01,1.3558623e-01,1.2040209e-01,1.0845294e-02,-1.1909496e-01,5.5946205e-02,-4.2093828e-02,1.3332371e-01,-1.4254183e-01,-9.9204697e-03,-1.2459826e-01,-1.0212689e-01,-1.4230939e-01,1.0980021e-01,-6.6048734e-02,-1.0598039e-01,-1.5178651e-02,-6.5847577e-02,-9.9627111e-02,5.9527707e-02,2.3421764e-02,-6.9039414e-02
-4.6224936e-02,4.9739784e-02,-6.2091782e-02,3.0095880e-03,1.4314880e-01,-6.1024350e-02,-1.9850992e-02,-1.0130923e-01,-7.7700824e-02,2.0812773e-02,2.3180420e-02,4.2990853e-02,6.2724247e-02,1.2628103e-01,-1.8349748e-02,9.5269880e-02,-2.2896824e-02,1.2843423e-01,-1.5754703e-01,-9.4808550e-03,2.6267589e-02,-1.2613117e-01,3.1961754e-02,-7.2010285e-02,8.1300595e-02,2.3304349e-02,1.3527233e-01,5.0850373e-02,2.5423335e-03,-3.4517972e-02,-4.4820733e-02,-1.1814125e-01,1.1822381e-02,1.5556928e-01,1.1605332e-01,4.4227261e-02,2.0014095e-02,9.4401009e-02,-4.9336092e-03,-5.6251315e-02,-1.4613379e-01,9.5211478e-02,-6.4244451e-03,1.3028337e-01,-4.2179567e-02,-6.0742199e-02,1.2530400e-01,1.2039071e-01,-1.3712456e-01,7.5206868e-02
-1.7351849e-01,1.0743019e-01,6.4108633e-02,-3.3449528e-02,-9.6574958e-02,-1.8949588e-02,-8.8041775e-04,1.9561603e-01,-1.0619987e-01,8.4511416e-02,-1.2140645e-01,1.3918887e-01,1.3684654e-03,1.8700279e-02,-1.1954037e-02,-8.7520711e-02,-7.9177254e-02,-1.1401323e-01,4.6203786e-02,7.0977782e-02,-3.2417742e-03,6.8335079e-02,9.2361582e-03,4.0007670e-02,7.3890575e-02,1.0523772e-01,-4.6270413e-02,2.9406855e-02,2.2875390e-02,-1.3105204e-01,-1.1631091e-01,2.0582336e-02,9.8731861e-02,7.5018938e-02,-8.5982656e-02,-4.0640914e-02,-5.0873643e-02,-1.3117280e-01,3.4495511e-02,3.3426642e-02,-3.1924630e-02,-8.3404059e-02,-1.2290226e-01,-3.1018572e-03,8.2378227e-02,-7.8517837e-02,-3.5016154e-02,-5.6939278e-02,-7.2622253e-02,1.0857986e-01
-1.2703308e-01,6.1978772e-02,-1.3095436e-01,2.6860042e-02,5.7618289e-02,1.5756508e-01,4.0886197e-02,-5.2239191e-02,1.2889951e-01,-6.2668155e-02,-2.9714541e-02,3.5144187e-02,-1.0103657e-01,-6.3363231e-02,1.1463795e-01,1.3411213e-01,1.5392558e-01,-1.1120848e-01,-6.7971056e-02,6.3859715e-02,-4.7452077e-02,-5.2333011e-02,3.3024386e-02,1.3626728e-01,-3.3406570e-02,-1.0492551e-01,4.4408304e-02,-1.0976564e-01,-3.8545103e-02,1.1150430e-01,2.2588054e-01,6.4340428e-02,2.8400277e-02,-5.2548814e-02,1.0271584e-01,-1.3013953e-01,1.0927445e-01,-2.9641223e-02,1.2399761e-02,5.1109375e-02,-1.0814737e-01,1.1687227e-01,-6.3099136e-02,1.3110210e-01,1.3030957e-01,1.6686454e-01,-5.0064770e-03,-9.6610326e-02,6.3841785e-02,3.6097930e-03
-1.0436983e-01,1.1256666e-01,-1.6394867e-02,1.3164957e-01,-8.3876287e-02,1.2467969e-03,1.4851842e-01,-1.0611696e-02,2.1475068e-02,-4.2618965e-02,3.7519000e-02,3.0165380e-02,1.3158230e-01,9.6804657e-02,1.8635462e-02,8.6672265e-02,8.0334314e-02,-4.2776878e-04,1.7438105e-01,8.3729930e-02,-8.5239142e-02,-9.8823606e-02,1.1576216e-01,-1.2176457e-01,8.4937574e-02,-1.3871980e-02,2.2867849e-02,1.1958700e-01,-6.5459981e-02,-6.0109618e-03,-1.4173520e-02,8.5425464e-02,1.5123464e-01,-9.4652232e-02,2.8432500e-02,1.9237507e-02,1.8013884e-02,-3.9526884e-02,9.3043713e-02,-1.0802502e-01,-6.1240001e-03,-1.1911276e-01,1.5237551e-01,9.4325748e-02,1.3551675e-01,7.8329546e-02,-7.7173914e-02,-8.9972868e-02,9.1606528e-02,8.1323797e-02
6.9426255e-02,-5.8521492e-02,1.2056808e-01,-1.1335337e-01,-8.5528344e-02,9.5621116e-02,1.1202839e-01,3.5933175e-02,-1.0140747e-01,8.5730966e-02,1.3737413e-01,-4.5439576e-02,-1.2933122e-01,-9.6465310e-02,8.9116901e-02,-4.4085906e-02,-1.5612957e-03,-1.6163767e-02,1.3220241e-01,9.2581138e-02,1.5519910e-01,-4.0263784e-02,4.7733403e-02,-3.2507145e-02,7.9865775e-02,4.2100699e-02,1.9269845e-01,-3.8729751e-02,9.1358433e-02,-2.2483750e-02,2.2004540e-02,-5.6717320e-02,1.8770699e-01,9.2513680e-02,-6.4068870e-02,-1.2534318e-01,8.8536645e-02,-4.5988275e-02,-8.8745140e-02,7.6410222e-02,1.5212465e-01,1.0594476e-01,1.3427594e-01,7.7115461e-02,-1.2484586e-01,-9.1056062e-03,-1.5600194e-01,-9.1638531e-03,-1.4024209e-01,-1.2416731e-01
4.0073339e-02,-5.1046503e-02,-4.0715319e-02,2.5030033e-02,-1.3133841e-02,1.1599970e-01,5.7254814e-02,1.3202773e-01,-1.0042559e-01,2.3129226e-02,4.3337827e-02,2.5646612e-02,-2.9879062e-02,-5.6112930e-02,-1.3983778e-02,6.4168194e-02,-6.6172794e-02,9.4102756e-02,-6.1724823e-02,8.5220842e-02,1.1086353e-02,9.3625158e-03,-2.0191042e-02,9.2003413e-02,4.2283719e-02,-7.9952436e-03,1.2296512e-01,4.7567107e-02,6.7509274e-02,8.1348252e-02,4.1724354e-02,7.8426565e-02,6.0255423e-02,5.7013910e-02,-4.8836337e-02,-1.1745779e-01,1.1717263e-01,8.3681085e-02,7.9262801e-02,-6.0723329e-02,8.1563634e-02,1.2920849e-01,7.0234153e-02,-1.5376422e-02,-5.5909671e-02,4.9552994e-03,6.5192694e-02,4.5090810e-02,-1.8689995e-02,3.1402809e-02
-7.1591538e-02,1.1743873e-01,-1.2726248e-01,-1.3408166e-01,2.5904170e-03,-1.3425298e-01,1.0977645e-01,1.3823027e-01,-6.8881263e-02,-4.6789125e-02,8.0379042e-02,-1.3394940e-01,-6.8998111e-02,-3.3932281e-02,-6.4200213e-02,-1.2166420e-01,1.3665937e-01,9.6864468e-02,5.9616374e-02,-2.5038345e-02,-1.2651594e-01,1.5947968e-02,-4.2714056e-02,1.0472335e-01,-1.2408218e-01,7.4661444e-02,9.4304236e-02,-1.2109334e-01,7.7318329e-03,-1.3254756e-01,-6.5368140e-02,-3.0120627e-02,-1.0641488e-01,5.5937700e-02,4.6030484e-02,3.1279945e-02,-9.6335014e-02,7.6036390e-02,-5.8518701e-03,-1.7475525e-02,-1.2913708e-01,1.3271811e-01,-1.3593297e-01,-1.3400351e-01,-1.2113916e-01,-8.4669287e-02,-9.3566146e-02,1.2238807e-01,-7.6085510e-02,-1.0681344e-01
-1.0877198e-01,1.1150301e-01,-3.3547099e-02,7.1562861e-02,-6.2967465e-02,-3.1345837e-02,2.7295690e-02,5.2402620e-02,-6.7442529e-02,-5.2767912e-02,-3.0566411e-02,-3.0292375e-02,4.7063365e-03,-6.8136527e-02,1.6486468e-01,3.2459872e-02,-7.8945600e-02,-4.3572830e-02,-4.0323223e-02,-1.0849269e-01,8.1623826e-02,-5.7695348e-02,8.5678145e-02,-1.1515402e-03,5.7669117e-02,-4.5006903e-02,1.6893940e-02,1.0175102e-01,6.2135610e-02,6.8487536e-02,6.3191452e-02,6.1072813e-02,-1.2411943e-01,3.1554822e-02,-1.8292763e-02,1.6271272e-03,-1.1118334e-01,-9.8198137e-02,5.9405684e-03,8.5178104e-02,1.2593408e-01,4.5037922e-02,-1.3641373e-01,1.8436729e-02,-4.3840440e-02,-3.0329874e-02,-1.0229809e-02,-7.4195583e-02,-2.6411392e-02,1.0405769e-01
-1.9872162e-02,1.3262891e-01,-1.0031678e-01,-2.8395303e-02,7.6172580e-02,-3.3266593e-02,6.9917147e-02,8.6157525e-02,-1.0840235e-02,-1.9859885e-03,-1.0364592e-01,-5.9184958e-02,-1.4050445e-01,1.4259432e-02,6.1226448e-02,3.7078288e-02,-2.1068395e-02,-4.6060398e-02,-5.1875002e-02,8.3501629e-02,-1.3403815e-01,4.8308324e-02,1.3151254e-01,-9.2525842e-02,-9.5033838e-02,6.4311115e-02,1.2323669e-01,-9.5845344e-02,-4.6409286e-02,4.9137969e-02,-8.7456620e-02,3.3368976e-03,3.6652267e-02,-1.3202358e-01,-4.4575495e-02,-1.5813396e-02,-1.2897421e-01,-1.2947092e-01,-7.4355610e-02,2.3504021e-02,8.4936287e-02,-3.8635770e-02,-6.1491051e-02,-7.7750651e-02,-6.9295460e-02,2.4619947e-02,-3.0870757e-02,1.2947585e-01,-2.6920756e-02,4.8614698e-02
3.7867683e-02,3.0355009e-02,1.4279989e-01,-8.6835042e-03,-9.2878176e-03,-5.1561623e-02,9.3395030e-02,2.9653647e-02,-1.4451052e-01,-3.8691919e-02,-3.5396861e-02,5.2248309e-02,-1.2279928e-01,2.9180446e-02,-1.5392739e-01,-1.2020270e-01,-6.8624615e-02,4.7315631e-02,1.2503495e-01,8.7631471e-02,3.3118589e-03,-3.4388885e-02,-1.4610042e-01,6.4738881e-02,-8.3149080e-03,-2.7514492e-03,8.7288389e-02,-6.1205780e-02,1.5369761e-01,-1.4992663e-01,1.5079931e-01,-1.0563066e-01,-1.2841494e-01,-3.3316346e-02,-3.5172885e-02,7.6348874e-02,1.2799396e-01,-1.3356112e-01,-8.5897655e-02,-9.0060118e-02,1.4735221e-02,2.1259749e-02,-4.9234409e-02,3.6106250e-03,-1.8655754e-01,-1.6394800e-01,-6.1288827e-02,4.3628360e-03,-7.6519122e-02,8.5193575e-02

-1.3962536e-01,1.1634880e-01,-1.4419887e-01,-8.1206833e-03,1.7257212e-02,-3.3110925e-03,-2.0154347e-03,6.7418022e-02,1.1275375e-01,1.3182907e-01,1.0723144e-01,-1.4187077e-01,-1.3845716e-01,-2.8272517e-02,4.6348925e-02,-1.1295526e-02,2.7982559e-02,4.3758740e-02,6.8178241e-03,2.0167056e-02,1.4070245e-01,-5.2649774e-02,-3.9409679e-02,1.3141960e-01,1.1141478e-01,-1.2255847e-01,-5.7743147e-03,4.9555669e-02,-3.9152911e-02,-8.4492763e-02,4.8390241e-02,4.1037530e-02,9.4920836e-02,-7.4062030e-02,7.9356580e-02,1.1427623e-01,1.3034820e-01,-1.2995751e-01,-1.0387611e-03,9.4079590e-02,1.2890355e-01,4.4698884e-02,4.3035410e-02,2.5845518e-02,-6.0885596e-02,-6.2758101e-02,-1.3943039e-01,7.7812216e-03,-4.4839479e-02,8.6756088e-02,-6.4238870e-02,1.0344758e-01,-7.2835681e-02,8.1002667e-02,-2.8788662e-02,4.8472485e-02,-3.9915630e-02,3.8022410e-02,-7.2747296e-02,-6.2824835e-02

1.2200812e-01,-3.5158760e-02,7.0053492e-02,-9.1128286e-02,1.1301623e-01,-9.6132405e-02,4.1549349e-02,1.2867910e-01,4.0123502e-03,-5.6501786e-02,-2.4811709e-02,6.2453007e-02,-1.1604824e-01,7.3962047e-02,1.2168269e-01,1.9468816e-03,9.9071084e-02,-1.1737257e-01,-3.5623231e-02,-8.4644339e-03,-1.1477642e-01,3.1486434e-02,3.3475274e-02,7.1539949e-02,-8.2390630e-02,6.3715654e-02,7.5433990e-02,3.8163010e-02,-5.7559101e-02,-1.7735157e-02,1.9415392e-02,-1.5252015e-01,6.3212722e-02,-5.6385214e-02,1.1810194e-01,-7.3078730e-02,-2.3177982e-02,7.5812129e-02,-7.0298254e-02,-7.2919945e-02,-7.4645254e-03,4.3048115e-02,-1.3961987e-01,8.4852065e-02,3.0822089e-02,-2.0820266e-02,7.4274353e-04,-4.6248765e-02,9.2366737e-02,1.3135671e-01,-1.0599588e-02,1.0273073e-01,-5.9052678e-02,-5.5146175e-02,-1.9447143e-02,-1.0916638e-02,8.3006951e-02,-1.3006132e-01,-1.0783679e-01,2.5883073e-02
5.8482966e-02,-1.2006017e-01,-3.8217576e-02,2.0934320e-02,5.5314630e-02,5.5035843e-02,-1.2661892e-01,1.2810389e-01,3.5406993e-02,-2.8603278e-02,-4.0080194e-02,-9.1683437e-02,-9.6453271e-02,5.1962088e-02,-6.0529361e-02,5.3463043e-02,-1.3158062e-02,-3.2435304e-02,1.2563260e-01,-3.0192666e-02,-7.8115424e-02,2.8622925e-02,7.3075332e-02,1.0871441e-01,-1.0479405e-01,1.2518479e-01,4.7750733e-02,1.5822327e-02,-5.0353998e-02,1.2849839e-01,8.2386385e-02,-1.5617328e-02,2.2073087e-02,1.4818780e-01,7.9249112e-02,8.5740770e-02,5.1334534e-02,9.5319816e-02,6.8822681e-02,3.9867261e-02,6.7289592e-02,1.0473430e-01,-3.8928183e-02,-4.3902274e-02,-2.5322872e-04,1.3944108e-02,1.1813099e-01,1.2692022e-01,-2.8200461e-02,-1.2462079e-01,-9.6289011e-03,1.8799633e-02,1.5519636e-01,-2.4784869e-02,8.4900966e-02,1.1713059e-01,1.2762833e-02,-1.7135002e-02,1.0490739e-01,-1.2749899e-02
1.6791019e-02,2.9363961e-02,-9.8113117e-02,7.8281223e-02,5.1415107e-02,-2.7634791e-02,5.2451134e-02,-7.4163854e-02,-2.3523036e-02,-5.8849747e-02,-9.8696481e-02,1.1619910e-01,-1.1980368e-01,-1.2725904e-01,1.2794474e-01,5.5960662e-02,-4.1887052e-03,-3.8485915e-02,3.8123942e-02,1.7328261e-02,3.3199089e-02,1.0782710e-01,-1.4403514e-01,1.2614227e-01,-1.1354478e-01,1.1776679e-01,1.0084593e-01,1.0399227e-01,6.0246468e-02,-5.4416503e-02,2.0586761e-03,6.8220347e-02,-1.8135080e-02,1.1132971e-01,-8.9628163e-02,-2.4617190e-02,1.0986152e-01,6.4163604e-02,6.0055754e-03,3.3349408e-02,1.2712774e-01,9.3154810e-02,-1.3598771e-01,-3.2544834e-02,9.7687741e-02,2.1835413e-02,2.3199079e-02,-3.0014888e-02,-1.0580537e-01,1.9164255e-02,1.0592719e-01,4.4300935e-02,9.1563669e-02,6.0280968e-02,1.1916998e-01,-2.0687128e-02,-2.9685354e-02,-9.8264909e-02,-3.2533030e-02,9.3134765e-02
-2.3681866e-02,-9.0132507e-02,1.2459618e-02,-5.3182508e-02,-1.1914543e-01,4.3221930e-02,-1.2467621e-01,-1.0164361e-01,-1.2715739e-01,-1.1636656e-01,2.8754160e-03,8.3329692e-02,1.2225607e-01,4.9769710e-03,-2.0653111e-02,-1.1162725e-01,-6.0604006e-02,5.8053870e-02,-5.9385881e-02,-5.9564999e-02,4.9112568e-03,-8.3115851e-02,6.2366610e-02,1.2207849e-01,-2.4052413e-02,3.2504888e-02,-1.0265970e-02,-5.3117498e-02,8.4699046e-02,-1.2730113e-01,-6.1572881e-02,2.1853264e-02,-8.7864024e-02,-1.5146393e-02,-5.4654683e-02,-2.4522744e-02,-8.5490686e-02,-8.0082166e-02,1.1914806e-01,-1.0002015e-01,1.1293452e-01,5.3617014e-02,7.3456309e-02,-2.4637414e-02,1.6607132e-02,-1.2536565e-01,-1.0500338e-01,-6.3054832e-02,7.9268714e-02,-7.0032873e-02,-1.9783657e-03,-1.2236232e-01,6.3749250e-03,1.0521176e-01,-5.6874979e-02,-5.0345771e-02,9.9965910e-02,-1.2106888e-01,8.3065812e-02,-5.9759935e-02
1.1541227e-01,8.1160882e-03,2.4351922e-02,-9.0858431e-02,8.2496425e-02,1.1080292e-04,7.3873103e-02,1.4099567e-01,-8.4109520e-02,-9.2149839e-02,3.1937571e-02,5.2226386e-02,-7.8916746e-02,-6.6529178e-02,-1.2356826e-01,3.3999503e-02,1.9480627e-02,7.7274799e-02,3.5059780e-02,6.7151208e-02,5.7662565e-02,-2.0021331e-02,-6.5276425e-03,8.3966776e-02,-4.7783065e-02,-7.0592356e-02,8.6643648e-02,7.8535791e-02,-6.1066221e-03,5.1882121e-02,1.1596163e-01,5.4193353e-02,-5.0500061e-02,-3.7439416e-02,-4.7172796e-02,8.1365047e-03,-6.4444438e-02,-1.1278110e-01,-1.0187519e-01,1.1169579e-01,4.3200444e-02,-6.4454367e-02,1.0108890e-02,-1.4768196e-02,-5.7266972e-02,-3.0476476e-02,-2.8757371e-02,-8.1064774e-03,-8.4204995e-02,1.0244569e-01,-4.2707587e-02,-5.4432261e-02,3.4041748e-02,1.2150261e-01,-7.3522036e-02,2.9858320e-02,4.4822342e-03,-6.7237663e-02,1.8903215e-02,1.2963882e-01
-5.1899276e-02,4.8032442e-03,3.8883044e-02,9.6216167e-02,1.1684493e-01,5.5579000e-03,-7.1155327e-02,6.8260979e-02,7.3329486e-02,-1.1059145e-01,6.1776451e-02,-8.0338791e-02,-4.4241841e-03,-1.0968834e-01,-5.5880282e-02,2.7028964e-02,-1.3487090e-01,-1.2231805e-01,-1.0673572e-01,-4.7703969e-02,6.5351355e-02,-2.1871997e-02,-9.7775275e-04,-1.2254159e-01,1.0368163e-01,8.3763459e-02,-5.2852630e-02,-1.1909401e-01,-9.6333451e-02,-4.5662012e-03,1.6402174e-04,3.0122400e-02,1.1648720e-01,-8.6299936e-02,-1.3604685e-02,-7.4808318e-02,-1.2317481e-01,-4.2149917e-02,8.3683608e-02,8.3298612e-02,-9.6368421e-02,1.5346772e-02,3.6330598e-02,9.9836390e-02,-7.9435212e-03,2.9944166e-02,-9.4453422e-02,-8.3881820e-02,3.2590682e-02,7.5453184e-02,-2.7934778e-02,-1.0394334e-01,8.6008135e-02,-1.0752706e-01,5.3037438e-02,-8.0444758e-03,-1.7729825e-02,6.1587514e-02,-5.4337074e-02,-5.2079266e-02
3.6767776e-03,9.3116990e-02,8.8731381e-02,5.7242568e-02,-9.1478975e-02,-2.7084291e-03,1.4200895e-01,-6.1559039e-02,-5.5660677e-02,1.1167274e-01,-1.7811745e-02,-1.2209193e-01,-1.0420467e-01,-1.1417763e-01,5.1692628e-02,-2.1396432e-02,-4.4439113e-02,5.6457522e-02,7.2945632e-02,3.7676698e-02,2.2890885e-03,1.1251429e-01,-1.0559238e-01,1.3083660e-01,2.4708941e-02,-1.0400976e-02,-1.0101511e-01,-1.1119244e-01,-1.3166430e-01,6.1311017e-02,-1.2205938e-01,6.0466075e-02,-6.6115306e-02,-9.7586797e-02,3.9983445e-03,-6.2244166e-02,-7.5696727e-03,5.9344777e-02,4.6447100e-02,3.3112032e-02,-8.2861537e-02,9.9768648e-02,-2.0349797e-03,4.9582748e-02,5.2515598e-02,-1.6980245e-03,7.5743760e-02,-1.0618720e-01,7.4897158e-02,1.1372126e-01,-7.4627043e-02,-3.5279381e-02,3.1376192e-02,2.0325470e-02,3.8432209e-02,-1.1840325e-01,5.4878447e-02,-3.4420466e-02,1.6373990e-02,1.1112593e-01
7.2656447e-02,-1.0191717e-02,-1.5964366e-03,9.9460672e-02,6.5294109e-02,-1.1179361e-01,7.6434634e-02,-6.0168191e-02,4.7649999e-02,-5.7641774e-03,-8.4655657e-02,1.0679045e-01,8.7901740e-02,-7.4646139e-02,-1.7265316e-02,-1.2144528e-01,7.4411623e-02,-2.1803301e-02,-1.2703989e-01,-1.1511082e-01,5.0641954e-02,-2.3287683e-02,-9.6263501e-02,6.2110552e-02,-6.8087429e-02,2.9678170e-02,-9.3896570e-02,-1.0480096e-02,-1.4182366e-02,-7.1968726e-02,-2.1645812e-02,4.9839633e-02,1.0633913e-01,-8.9934671e-02,8.0098173e-02,-8.2940554e-02,9.6846158e-03,-4.0561815e-02,-1.1357244e-01,-3.7217291e-02,-6.3944833e-02,7.9914784e-02,-5.2110242e-02,-2.6086769e-02,5.3561209e-03,8.9097735e-02,-1.2645744e-01,3.5908979e-02,-1.6448848e-02,3.0122391e-02,-7.6908310e-02,9.4763101e-02,-1.1641236e-01,5.1951381e-02,-5.8418033e-02,5.0558598e-02,-1.0855616e-01,-1.0551135e-01,1.3546825e-02,-4.2908955e-02
3.4401735e-02,1.5704277e-02,-2.8498402e-02,-9.1016417e-02,-3.9903353e-02,8.1462882e-02,3.8011818e-02,-4.8791566e-02,6.4895452e-02,1.2529791e-02,8.7977367e-03,2.0049318e-02,4.7479857e-02,1.3500022e-01,-8.7035515e-02,1.1673132e-01,-6.8317162e-02,9.3175776e-02,3.1034509e-02,8.5490797e-02,-1.5755050e-02,-1.1194599e-01,-1.2518225e-01,2.3231150e-02,1.1387117e-01,-1.5840309e-02,-4.2281802e-02,-5.1942083e-02,-9.3049373e-02,-9.7537655e-02,6.7997030e-03,6.3008798e-02,-2.9176519e-02,-1.6671262e-01,9.8558043e-02,2.8402605e-03,-8.5531514e-02,-8.0676498e-02,-1.0554525e-01,9.3411207e-02,-1.1441123e-01,4.9825098e-02,1.1326454e-01,8.9269493e-02,1.0262192e-02,6.9149390e-02,1.9307031e-02,1.3236534e-02,1.0857531e-01,9.8340745e-02,3.5583663e-03,-8.7921649e-02,4.2797569e-03,-5.2181985e-02,-1.1183957e-01,1.0866271e-01,-1.3498073e-02,-7.5379678e-02,-2.4003903e-02,5.9791820e-02
-1.9895250e-02,4.7695048e-02,-6.0278277e-02,5.3696956e-02,3.8535680e-02,4.1889005e-02,-1.1571082e-01,4.6559930e-02,1.2448926e-01,-7.1251948e-02,-8.3419834e-02,7.3991655e-02,-1.2334889e-01,6.1748967e-02,-9.8460016e-02,-1.0340547e-01,-6.0718594e-02,7.5042564e-03,1.2274567e-02,-9.6000964e-02,-1.4123035e-02,-1.5281136e-01,5.5480463e-02,6.1041493e-02,-5.8442140e-02,4.4282303e-02,2.5714815e-02,4.2161646e-02,1.0819933e-01,2.9461458e-03,-1.2954306e-01,-1.2961384e-01,-9.5489339e-02,-1.5887978e-01,-8.7059155e-02,1.1824248e-01,1.1211897e-01,-7.8149537e-02,-3.9371405e-02,-5.8828852e-02,8.1061562e-02,1.1318962e-01,-1.0415723e-01,1.1189934e-01,-6.1648614e-02,4.8075254e-02,4.6972639e-02,8.5283289e-02,1.2476726e-01,-1.0246943e-01,4.6056931e-02,-5.1423626e-02,-1.0313594e-01,6.0981335e-02,1.0944678e-01,1.0940928e-01,-9.9038801e-02,4.1530415e-02,-9.3545894e-02,-2.4461173e-02
-9.2549152e-02,6.9448286e-02,-1.2448371e-01,-6.3288178e-02,-3.3187388e-03,-5.3554467e-03,4.4563673e-02,-1.3304675e-02,5.0429353e-02,3.0828583e-02,-1.1544662e-01,7.9145387e-02,-8.4692088e-02,9.2856642e-02,5.1652388e-02,-6.9172934e-02,-1.3954598e-01,-9.2094178e-02,-7.4376054e-02,3.6999398e-02,-1.2840285e-02,3.3369615e-02,-1.3044294e-01,2.6071436e-02,1.0965255e-01,-9.8022905e-02,-2.6047706e-02,-6.9745818e-02,8.9692481e-02,-6.1788487e-05,1.2410872e-03,-4.5646880e-02,5.5726466e-02,-1.5025015e-01,-7.7184537e-02,1.2212770e-01,1.0915151e-01,7.3739486e-02,3.6689039e-02,1.3610267e-01,-1.3867788e-02,-1.3113693e-01,1.1831840e-01,-6.1269863e-02,6.8148348e-02,-5.9622501e-02,-2.3812965e-03,5.9893793e-02,-6.9015948e-02,1.2145186e-01,-1.8515667e-02,4.9898406e-02,1.0423263e-01,1.2513392e-01,6.3134336e-02,1.3032654e-01,-8.4510402e-03,-6.1466078e-02,6.6076560e-02,7.3658618e-02
-4.1036872e-02,-9.2311106e-02,-1.0761119e-01,-3.9842331e-02,3.6284441e-02,3.1471638e-02,1.1110155e-01,-6.0332940e-02,-6.1134844e-02,-3.6732801e-02,1.3296160e-01,-1.1006851e-01,1.0541839e-01,7.1305603e-02,-8.0865575e-02,1.0042333e-01,1.0560631e-01,9.4889343e-02,-6.8558129e-02,-4.6740770e-02,-1.1593636e-01,-1.0822271e-01,1.3029356e-01,-1.0170697e-01,2.2714618e-02,5.0690978e-02,-3.5998246e-02,-1.2441318e-01,2.3556644e-02,5.7524485e-02,-6.5338149e-02,1.0975264e-02,-1.1289713e-01,-9.9235686e-02,-2.7572172e-02,-1.0944466e-01,-3.1978751e-02,-1.1747096e-01,3.1646630e-02,1.3475945e-02,-5.9457824e-02,-3.1794195e-02,-1.8670078e-02,-4.3527206e-02,4.8083879e-02,7.4855679e-02,-4.1632600e-02,2.7704816e-02,-7.2802539e-02,-4.9276612e-02,9.7786451e-02,-6.0466485e-02,-1.1080700e-01,1.2395687e-01,8.0687290e-02,-7.4057802e-02,-7.9229191e-02,7.0937934e-02,-5.8443110e-02,3.9288413e-02
9.9610353e-02,1.0855562e-01,5.1595092e-02,-1.0370475e-01,1.3785876e-02,-5.9085362e-02,-5.9282716e-03,-5.1675612e-03,2.5414194e-02,8.9655918e-02,3.8638045e-02,-1.0176901e-01,1.1499544e-01,-4.8432616e-02,2.9066395e-02,1.4673646e-03,-4.4991580e-02,-1.1738112e-01,7.3149042e-03,9.1932208e-03,8.3824371e-02,-2.1404543e-02,-6.9220164e-02,8.7696528e-03,-1.1860253e-01,-1.2291110e-01,-1.0283839e-01,-1.1636961e-01,-2.1411038e-02,-6.3031951e-02,-5.9288844e-03,4.6367815e-02,8.4835652e-02,8.7269842e-02,1.0912913e-01,1.1221030e-01,-7.4872523e-02,4.1491815e-02,-4.1132133e-02,9.7640409e-02,3.3714327e-02,5.2382951e-02,1.3025321e-01,7.1496118e-02,-2.8679587e-02,8.7299937e-02,-1.1839491e-01,6.9974243e-02,8.9965809e-02,1.8805483e-02,-6.8118848e-02,7.4388530e-02,1.1665125e-01,-1.1306429e-01,-1.0059031e-01,3.4455664e-02,-1.3245570e-02,-8.0941233e-02,-1.2455563e-01,1.1555601e-01
1.2649079e-01,-5.0418158e-02,1.9496629e-02,-6.9575953e-02,-1.2519459e-01,5.7938079e-04,7.8360837e-02,1.0334511e-01,-2.8547582e-02,-2.8875688e-02,1.0686804e-01,1.2405831e-01,-6.7183803e-02,-8.4842971e-02,-7.9999647e-02,7.0977932e-02,-4.9785824e-02,7.7928486e-02,3.5751391e-02,6.8511907e-02,8.8469574e-02,6.8794438e-02,2.0542989e-02,1.9541065e-03,1.0346182e-01,-3.5951989e-02,-8.8888712e-02,-8.5776236e-02,7.9266461e-02,-2.4757789e-02,-1.0153510e-02,5.7547376e-02,1.4677555e-01,-2.5537057e-02,-5.9496974e-02,4.0242244e-02,9.5888372e-02,4.1979643e-02,-1.2826634e-02,-7.5556294e-02,-1.7054687e-02,2.0057907e-01,-1.1713916e-01,1.4930430e-02,9.7895117e-02,1.3843187e-01,-2.1457256e-02,7.8963453e-02,-7.3689523e-02,7.5814218e-02,-1.1730317e-03,1.1400356e-01,-5.8274399e-02,-9.4373398e-02,-4.5248387e-02,1.1422780e-01,6.9716456e-02,-1.3555759e-01,-8.2004554e-02,3.2593422e-02
1.6502909e-02,9.0664590e-02,-1.9310246e-02,4.3962292e-02,1.0997186e-01,-5.1117614e-02,9.3122184e-02,-7.8730902e-02,5.5512466e-02,-1.4829427e-02,6.9837708e-02,-6.6092466e-02,4.8222338e-02,1.5266469e-01,-2.4994688e-02,-2.1796116e-02,9.0366091e-02,1.4873930e-01,-1.4524290e-03,1.2056445e-01,-9.6815700e-02,2.1252114e-02,-5.4842542e-02,1.4741444e-01,-6.9395274e-02,9.2668152e-02,2.7620975e-02,-9.8052868e-02,-2.5954225e-04,8.5167103e-03,-6.4923705e-02,4.8614013e-02,-4.9797701e-03,1.0652114e-01,-3.8926217e-02,8.9512067e-02,-1.3876982e-01,1.3716346e-01,1.5369677e-01,-2.7831093e-02,1.0653603e-02,-1.1048030e-01,-5.9613684e-02,7.4131925e-02,-6.3190710e-02,8.0453998e-02,-7.7609499e-02,2.5662050e-01,-2.4469009e-02,8.7795631e-02,-2.9743978e-02,-3.6796722e-02,9.7452157e-02,7.0194378e-02,-2.0329380e-02,-2.1152502e-02,-5.6086330e-02,5.5815339e-02,5.1461873e-02,1.0078158e-02
-1.1923497e-01,-2.2459903e-03,1.2760951e-01,-4.9846464e-02,7.9255144e-02,7.2622561e-02,-1.9188480e-02,-3.5998856e-02,4.9666448e-02,8.1923983e-02,-1.2522005e-01,-3.6517656e-03,4.2357089e-02,-6.3262362e-02,-5.3424050e-02,8.8695992e-03,-1.2550950e-01,1.1407279e-01,9.1598707e-02,6.8360021e-04,-1.0533082e-01,9.2573197e-02,6.1076429e-02,-5.5878171e-02,-1.2816869e-01,5.9957609e-02,1.1766731e-01,4.2632505e-02,6.6637365e-02,6.3763183e-02,8.0243651e-02,1.2524855e-01,-2.7387961e-02,-7.5891254e-02,4.0415271e-02,-4.2522884e-02,-8.9879137e-02,-5.0934368e-02,-4.4706118e-02,1.1108898e-01,-5.2711986e-03,-1.5877996e-02,-8.5061167e-02,5.8375470e-02,1.9480917e-03,2.7415189e-02,-7.5130840e-03,-9.0863949e-02,9.5591803e-02,-9.9557324e-02,1.1150306e-01,-7.7105572e-02,-9.8096157e-02,-2.2829207e-02,-3.9332365e-02,1.5634876e-02,-6.6299257e-02,5.4343567e-02,5.3933368e-02,-1.6516313e-02
1.0952031e-02,1.3749944e-01,1.9778636e-02,-4.5169466e-03,1.2595691e-01,-1.0205027e-01,1.2241928e-01,3.2476407e-02,1.2996637e-01,6.4467305e-02,-4.7079627e-02,7.6039104e-02,9.1774393e-02,-6.9100335e-02,4.2315649e-02,2.5204532e-02,1.1564753e-01,3.0160610e-02,-2.4311763e-02,-1.2396897e-01,-1.0037284e-01,8.4641399e-02,2.8376490e-02,7.8251228e-03,-5.6101079e-02,9.4486859e-02,6.3836576e-02,-3.8949465e-02,7.2096179e-02,-2.0992245e-02,1.1989322e-01,8.3027154e-02,-3.8391145e-02,-1.3360507e-01,4.4994738e-03,1.4182091e-01,1.1496194e-01,-1.2878299e-01,4.1080280e-02,-7.6872199e-02,-5.3313587e-02,5.2615002e-02,-6.4412571e-02,1.3325655e-01,-1.4495588e-01,8.8173725e-02,-1.6306077e-02,-2.9078061e-02,-4.5072638e-02,-4.5238739e-02,-1.0309256e-01,1.4202556e-01,-1.5239615e-01,8.9436084e-02,5.4877667e-02,8.6070070e-02,6.4857018e-02,1.7132580e-02,9.3558037e-02,7.1329090e-02
-2.9333283e-02,1.2048620e-01,-6.4946147e-02,-8.9915569e-02,-1.2638298e-01,-8.6301629e-02,-6.1743161e-03,-1.2557768e-01,-6.8342758e-02,1.2943024e-01,-3.0649760e-02,-3.1519894e-02,1.5001308e-03,-4.9272150e-02,-5.9133624e-02,1.0655198e-01,-1.0045439e-01,-1.2881510e-01,-6.5123257e-02,1.0195522e-01,1.2606617e-01,1.1606427e-03,1.0920431e-01,1.1682282e-01,9.8855756e-02,-5.8230780e-02,1.2503810e-02,-8.1666611e-02,-4.0918668e-02,2.8994924e-03,1.4101287e-01,6.5796375e-02,5.8567426e-02,1.2841562e-01,-8.2094635e-02,9.4061478e-02,-1.2167491e-01,3.7427371e-02,-7.5518367e-02,4.0958267e-02,-1.9479595e-02,-1.1405024e-02,7.4406853e-02,4.1692827e-02,6.7459745e-03,1.6044948e-01,3.8684003e-02,1.1463959e-01,7.8621451e-02,1.0928794e-02,3.0446032e-02,-8.4231295e-02,1.3720768e-01,5.0625097e-02,-8.7300393e-02,-2.3846234e-02,7.4112810e-02,-9.9156244e-02,3.3861181e-02,9.1305677e-03
3.2339603e-02,2.0567685e-03,3.4419313e-02,7.7686493e-02,5.0736633e-02,6.2716949e-02,8.0503774e-02,-9.0402746e-02,-1.0940113e-01,3.1409741e-03,3.3238945e-02,5.4990363e-03,1.0300982e-01,3.6430760e-02,-1.2345559e-03,8.8160913e-02,-5.9091130e-02,1.0444106e-01,-3.3817128e-02,8.6103172e-02,1.0745673e-02,2.8675574e-03,-1.4142478e-02,-4.3877066e-02,-1.1279999e-01,-1.0098023e-01,1.2279584e-01,6.9843459e-02,-1.1897080e-01,4.0842817e-02,3.1212579e-02,6.4356439e-02,-2.1668379e-02,7.6812609e-02,-3.1691977e-02,-9.6503183e-02,9.1613663e-02,-2.4130536e-02,-3.4164984e-03,8.7748785e-02,-8.4942012e-03,-1.1246269e-01,4.3979150e-02,-7.7362406e-02,2.4959198e-02,-1.3370428e-01,6.8521971e-02,-1.1653374e-01,1.7429107e-02,7.1288817e-02,-1.6320820e-01,1.1026493e-01,-4.3845678e-03,1.4635031e-01,-6.5245121e-02,-1.0626669e-01,2.2838183e-02,1.8527031e-02,-4.4596036e-02,-9.0948706e-02
5.2046825e-02,2.8611982e-02,-1.7106398e-02,-1.2339804e-01,-1.2488477e-01,9.9159005e-02,1.2530631e-01,-7.0872303e-02,1.3583112e-01,1.2108380e-01,7.0512111e-02,-4.3669068e-02,1.2499961e-01,-5.7851608e-02,1.1387787e-01,-1.2813827e-01,-8.0070166e-02,6.2673223e-02,-8.2030062e-02,-7.0214066e-02,6.1904662e-02,7.9475487e-02,-1.0703306e-01,-6.1792467e-02,1.5830111e-04,-5.6408086e-02,-2.3550579e-02,-9.3980235e-02,9.4781179e-02,4.7117661e-02,-5.8791113e-02,5.9587575e-02,3.2163553e-02,-1.1578820e-01,1.1665071e-01,-7.7267639e-02,-8.9350768e-03,4.6842655e-02,-1.3023626e-01,1.3818480e-01,-4.1537933e-02,-6.6291408e-02,7.5730381e-02,9.0487654e-02,-7.6321498e-02,-3.4211593e-02,-1.4254258e-01,-1.7252860e-01,4.7404687e-02,-1.0562984e-03,-3.7418837e-02,6.1641779e-02,-1.5148170e-02,9.5337912e-02,3.4928440e-02,1.3628192e-01,1.7360003e-02,-4.0482958e-02,-6.6390374e-02,1.4160540e-01
-1.4130711e-02,-3.3421018e-02,-1.3405319e-02,-1.1686829e-01,-5.3156597e-02,-4.2123991e-02,7.4715528e-02,5.0724055e-02,-9.4588087e-02,1.1521246e-01,-4.7354554e-02,-8.3265455e-02,-4.9949230e-02,-9.7837956e-02,-8.3622127e-02,1.1230902e-01,5.9480289e-02,-7.6751952e-02,1.9115575e-02,-7.3832702e-02,-3.1823003e-02,-6.5337371e-02,-7.9648082e-02,-4.1032230e-02,7.1243181e-03,-9.3256572e-02,-2.4433562e-02,-9.5130768e-02,-7.4231777e-02,-4.0332518e-02,9.0124090e-02,-1.0591682e-02,4.1606965e-03,-8.4049398e-02,-1.7260047e-02,7.8240570e-02,1.3209114e-02,-3.3693217e-02,3.0415221e-02,-8.8257494e-02,-1.1598502e-01,5.3420890e-02,3.8197674e-02,9.6284007e-02,-1.1969099e-01,-4.8028579e-03,-1.2469586e-01,1.9206702e-02,1.1721514e-02,-6.4209076e-02,-1.1187302e-01,-1.2747899e-01,8.2370807e-02,-1.0231161e-01,5.1194075e-02,6.1431950e-02,3.9014397e-03,-1.8716372e-02,7.4800789e-02,1.7856325e-02
-1.1507495e-02,-1.3012125e-01,-9.2659758e-02,-4.7623988e-02,-1.1854109e-01,1.1845763e-01,9.7639367e-02,-9.9968863e-02,5.1363310e-02,1.0530628e-01,-8.6558038e-02,7.5141128e-02,-4.4929450e-02,-6.5773714e-02,1.1255628e-01,-1.1887166e-01,9.7360854e-03,1.4909084e-01,-1.7102421e-02,-2.5843588e-02,-6.0057133e-02,3.8516190e-02,-5.1798953e-02,-1.3415036e-01,1.9851511e-02,-1.1530359e-01,-4.4581024e-02,-1.1494145e-01,2.3189844e-02,-1.7961309e-02,-8.1751990e-03,-5.6380364e-02,-1.2271138e-01,-2.9579169e-02,5.2720725e-02,-8.8509060e-02,1.0663096e-01,-8.9641445e-02,2.0543746e-02,1.1655337e-01,7.4486102e-02,8.9098439e-02,5.1984766e-03,-8.2907745e-02,2.6468857e-02,-1.7455459e-02,-8.1898188e-03,-6.6442262e-03,9.6855637e-02,1.1683990e-01,8.1369440e-02,3.2727722e-02,1.1940473e-01,4.6114763e-02,-6.7639893e-03,-8.9673097e-02,1.0197528e-01,-1.2260712e-01,1.0952674e-01,2.4170658e-02
-9.3222277e-02,1.4177573e-01,-1.0002251e-01,-1.1333803e-01,-1.9050505e-02,-1.9568341e-02,9.3569983e-02,4.2781448e-03,-8.1555914e-02,-7.7978860e-02,-1.1672767e-01,9.0691108e-02,1.0820010e-01,8.7671411e-02,-6.0775803e-02,-1.7558190e-02,-6.8169810e-02,-4.4483429e-02,1.0039157e-01,-8.8020963e-02,-4.2490639e-02,-3.7468192e-02,-1.4816925e-01,-1.2236916e-01,7.8072566e-02,2.6987436e-02,1.3124466e-01,7.1297317e-02,2.0538027e-02,-6.0884932e-03,-1.2001819e-01,-5.3570806e-02,-9.1733238e-03,-1.1872663e-01,6.8774575e-02,-3.9115241e-02,7.8573011e-02,8.2409303e-02,-1.3529744e-02,1.1312762e-01,3.3306064e-02,-9.2073851e-02,1.1473716e-01,1.1300981e-01,1.4397077e-03,-6.5609921e-02,-1.0606450e-02,-5.5729936e-03,-1.8493458e-02,1.1384026e-01,-1.3669183e-01,5.7180929e-03,-1.4369111e-01,1.0775681e-01,2.5986624e-02,1.0811109e-01,-4.3109318e-02,1.3220182e-01,1.1028341e-01,4.7620518e-02
-1.2550458e-01,-3.2794313e-02,1.0650953e-02,-5.3468476e-02,1.0112668e-01,9.7061595e-02,4.5940324e-02,1.8815372e-02,3.9481599e-02,-1.2104082e-01,-8.6374724e-02,-9.5389989e-02,8.3785010e-02,-1.2626506e-01,9.6474368e-02,6.3767768e-02,-7.1680249e-02,-1.1191109e-01,4.2514640e-02,1.2251390e-01,5.4068829e-02,-8.0431680e-02,-1.1544674e-01,-1.2528630e-01,4.3651358e-02,8.8674086e-02,1.2594020e-01,-4.4101228e-02,-1.1963717e-01,-4.3225438e-02,-2.6785964e-02,-1.2669235e-03,-9.5482430e-02,4.1903801e-02,-3.9326195e-02,-1.1370758e-01,-3.3649050e-02,3.5038311e-02,-2.0175826e-02,-2.5233182e-02,9.5165921e-02,2.9195765e-02,7.0006626e-03,-3.9464961e-02,1.5786461e-02,2.0669949e-02,-6.4325678e-02,-9.5356447e-02,-5.6334012e-02,2.2039367e-02,-2.4134006e-02,1.9096011e-03,-3.0735044e-02,-1.1407519e-01,-1.0489421e-01,-2.1177619e-02,1.0248072e-01,1.0341109e-01,9.8264443e-02,-7.3751203e-04
9.3214652e-02,5.6798641e-02,-1.0848228e-01,1.0911683e-01,9.5905908e-02,1.0698589e-01,-6.3147689e-02,-1.1874586e-01,3.1332685e-02,2.3039041e-02,8.5220931e-02,5.2683622e-02,1.2081003e-01,5.9928382e-02,-1.1009216e-01,-5.8302154e-02,-8.3963824e-02,4.1323713e-02,8.9954907e-02,4.3773896e-02,-1.1282290e-01,-6.2807132e-02,1.5649544e-02,-7.0737337e-02,-1.3204938e-01,-1.2840008e-01,-1.1299631e-01,5.2513499e-02,-7.7869418e-02,-9.1079738e-02,-8.9045231e-02,9.4920186e-02,-1.5863804e-02,-5.5548247e-02,4.3604692e-02,-2.4026240e-02,-1.1328131e-02,-9.3252195e-02,3.9217595e-02,4.8107266e-02,-8.9324860e-02,-6.3811850e-02,-1.1490629e-01,9.2040357e-03,-2.6512301e-02,-9.2266176e-02,6.0813464e-02,-7.5133286e-02,7.4921999e-02,-8.1362900e-02,5.8715748e-02,6.9757263e-02,-8.0188399e-02,5.2746900e-02,-6.1172913e-03,3.7737084e-02,-3.9084824e-02,-1.3414294e-02,5.1954942e-02,-1.0629287e-01
-9.5257917e-02,9.2386989e-02,3.7229478e-02,-6.2226684e-02,-1.1344320e-01,6.1442721e-02,-1.0890718e-02,-1.8663826e-02,-9.1869553e-02,8.5433454e-03,-1.0379882e-01,7.9692749e-02,-1.0798391e-02,-2.4182954e-02,-1.8591970e-02,-1.2795801e-01,1.1646507e-01,1.6189860e-02,2.9900258e-02,2.2838918e-02,1.0339165e-01,1.0804155e-01,9.2942341e-02,-1.5858220e-02,6.3485534e-02,-3.3759222e-03,7.4816337e-02,2.0588093e-02,-9.7304400e-02,9.4997477e-02,-6.5122536e-02,-3.9784537e-02,2.0791657e-02,-1.0429647e-02,9.6167605e-02,-1.0656108e-01,2.7685210e-02,1.4290931e-02,-5.5491650e-02,4.8749476e-02,-1.6023064e-02,-1.2299086e-02,-7.1073737e-02,1.0782920e-01,1.6673680e-02,1.1060355e-01,-9.2084904e-02,-4.1100864e-02,-4.5047618e-02,-1.3119150e-01,-6.8552041e-02,-3.0077234e-02,1.6246955e-02,-2.3116298e-02,1.8619644e-02,7.6119814e-02,-1.1009794e-01,1.1528202e-01,9.6192144e-02,1.0170204e-01
1.0109025e-01,1.0752229e-01,1.1742783e-01,-9.8691478e-02,-1.1582590e-01,9.9844476e-02,-2.2323909e-02,4.7786039e-02,2.0310652e-02,-1.1580484e-01,3.2877001e-02,-1.7471723e-02,-9.8947096e-02,1.0228358e-01,3.9831771e-02,1.4600188e-02,1.2510490e-01,1.0583275e-01,-6.3547668e-02,5.6526995e-03,7.2636815e-02,-1.0735668e-01,-1.3297388e-01,-1.9539587e-02,8.0210449e-03,-9.4487508e-02,5.4302638e-02,-1.0118597e-01,-1.0287637e-01,4.5107548e-02,-6.2330974e-02,7.4565449e-02,-3.1935954e-02,-1.2373448e-01,1.3060181e-02,-6.1676436e-02,-1.0342310e-03,-1.0186241e-01,9.5415883e-02,7.8428293e-02,3.9177624e-02,-2.0171109e-02,5.2526639e-02,1.1241215e-01,-1.1756298e-01,4.9894086e-02,-8.8569501e-03,-8.6294097e-02,7.1736929e-03,1.1279710e-01,-2.1695442e-02,2.1137658e-02,-6.8237335e-03,-7.7546946e-02,7.9258071e-03,7.5524802e-02,9.4550235e-03,-1.0433966e-01,-4.4322371e-02,5.1621456e-02
-1.0369824e-01,-3.9734816e-02,1.8666446e-02,8.5665322e-02,9.8956871e-02,1.3097891e-01,3.7686944e-02,-2.5577548e-02,-1.0552968e-01,-8.4257794e-02,5.5373779e-02,-1.0253908e-01,-7.8366462e-02,-6.7861407e-02,-1.0862251e-01,-1.0879037e-01,7.3029812e-02,1.2864423e-01,2.6782613e-02,-1.2072972e-01,-1.1437494e-01,1.1846198e-01,-9.5312631e-02,7.0287625e-02,6.5470406e-02,-1.1370438e-01,1.2333505e-01,3.4663730e-02,5.9084275e-02,-1.4466936e-03,1.3818752e-02,7.7691061e-03,-3.8678433e-03,3.8884105e-02,-5.2446526e-02,8.6068195e-02,8.6280219e-02,7.9342038e-02,7.6202411e-02,6.6839727e-02,-3.7124607e-02,1.1086696e-01,8.2907570e-02,-4.8063125e-02,5.4559433e-02,1.0178512e-01,-6.7796976e-02,-5.8510451e-02,6.5957664e-02,-4.9375526e-02,1.1831099e-01,9.2752314e-02,-7.2939288e-02,-4.6789464e-02,-5.2504866e-02,1.1278533e-02,7.2369982e-02,-3.6869602e-02,-9.4941040e-02,-1.3231268e-01
-1.4777738e-03,2.8478881e-02,-6.7066925e-02,-9.5891620e-02,1.0348085e-01,-1.8988283e-03,-3.0045853e-02,3.9372470e-02,-6.0031933e-02,4.6187783e-02,1.8221477e-02,2.1121465e-02,1.0107870e-01,1.9708845e-02,-9.5448911e-02,6.9701799e-03,1.1888572e-02,-1.0542131e-01,-3.0879258e-02,-2.3870311e-02,6.3575185e-02,-1.2139014e-02,-9.0168692e-02,-3.0749456e-02,-1.1231797e-01,5.2062745e-02,5.3267734e-02,-9.5418895e-02,-4.2001894e-02,-3.9018740e-02,-1.1726539e-01,1.2902862e-01,4.4480423e-02,-3.2314910e-02,5.8562033e-03,2.3668996e-02,1.0324809e-01,2.7489176e-02,1.1528941e-01,9.9150499e-02,-1.3572457e-02,6.6640597e-02,-5.9915738e-02,2.3658744e-02,2.5999348e-02,-2.3220248e-02,-5.7503621e-02,1.1927060e-01,-6.6665575e-02,-8.5798914e-02,8.1967608e-03,-1.3232755e-02,2.9331456e-02,1.1046615e-01,3.9425558e-03,-1.1440900e-01,3.0604198e-02,7.9110264e-02,2.2536259e-02,-8.3972917e-02
3.3558248e-02,1.1467391e-01,4.3748783e-02,1.3814269e-02,-1.1220417e-02,-5.1675275e-02,-9.8526537e-02,4.0326554e-02,8.0372982e-02,-1.0694859e-01,-1.0636418e-01,3.8267151e-02,-1.2740130e-02,-1.3503416e-02,2.4671377e-02,6.4491765e-02,-1.0013257e-01,-3.4933987e-02,-3.7280522e-02,-7.9753582e-02,1.5901217e-02,1.3922811e-01,1.2399311e-01,1.6659483e-02,-4.6533827e-02,-1.0766345e-01,1.2616968e-01,1.5196923e-02,4.5736240e-02,5.6638108e-02,7.8749947e-02,-4.4103436e-02,8.1978618e-02,1.2229641e-01,-1.0213753e-01,5.9809455e-02,-5.1521894e-02,1.4496428e-01,6.3016372e-02,-5.8057838e-02,-5.8728541e-02,-1.1319556e-01,-2.4650783e-02,-8.9240260e-03,1.5156295e-02,-6.7322155e-02,-4.1051517e-02,7.0786671e-03,4.8233108e-02,-1.4610413e-01,3.2882206e-02,2.5472143e-02,9.8544020e-02,-5.4216879e-02,8.4867091e-02,4.2272558e-02,1.0191806e-01,6.5319422e-02,1.1209431e-01,-5.8935050e-02
-5.4141388e-02,-4.0580742e-02,9.7491746e-02,-3.3915987e-02,7.5197126e-02,-6.0603891e-02,-1.9958261e-02,-2.7852785e-03,-1.2307200e-01,8.3619055e-02,-4.3392628e-02,2.2354183e-02,-9.1257014e-02,-1.4608132e-02,6.3515168e-02,-3.5077824e-02,6.2251090e-02,3.1741328e-02,1.5900752e-01,3.5039657e-02,-1.2273199e-01,9.6426008e-02,1.7238424e-01,5.1849133e-02,4.0671152e-02,8.1102629e-03,-5.5558768e-02,1.4235694e-01,6.1590591e-02,8.9468890e-02,-1.1352987e-01,6.8179007e-02,2.8357970e-02,4.8725975e-02,-3.5225439e-02,1.1440297e-01,-1.2168665e-01,1.3553345e-01,-8.4037074e-02,-1.5305664e-01,9.8871655e-02,-2.1506676e-03,6.8103632e-02,4.3624409e-02,7.8211996e-02,7.1960387e-02,5.4418171e-02,1.0123100e-01,7.6732729e-02,1.2966520e-02,-8.9022734e-02,-4.5925241e-02,5.9727108e-02,-3.7590953e-02,7.5855886e-02,8.9091991e-04,1.0676820e-02,-2.2813948e-02,-3.1787687e-02,-2.7429540e-02
9.2276903e-02,7.8718316e-03,-9.4454488e-02,-5.3994059e-02,-2.1270128e-02,-1.1562462e-01,1.0702144e-01,-1.1867881e-01,9.8531919e-02,5.0512324e-02,-1.3233376e-01,-8.4539969e-02,-6.1405433e-02,-9.2816989e-02,-1.2495739e-01,-1.2578358e-01,6.0971500e-02,5.3488522e-02,1.0993224e-01,7.6819656e-02,-6.2851616e-02,-8.9723940e-02,-1.3150767e-01,3.9298649e-02,-4.8337232e-02,3.2839030e-02,4.2129105e-02,-1.2312061e-01,-1.6816283e-02,1.9551435e-02,9.2994122e-02,1.4897698e-01,1.1405450e-01,-1.0587812e-01,-4.5325510e-02,3.4426379e-02,5.2298776e-02,-3.5469222e-02,7.5489741e-02,6.0566962e-02,6.2862545e-02,8.4590238e-02,-1.0144311e-01,-2.8752900e-02,-3.8213603e-02,2.7917634e-02,7.1070091e-02,-5.7852929e-02,-2.7389308e-03,-2.1976900e-02,-8.2035157e-02,-5.9898262e-02,2.1346199e-02,9.6852997e-02,-1.6739202e-02,-4.9533316e-02,2.8182676e-02,5.6480800e-02,-1.1423882e-01,6.3985973e-02
-5.0777693e-02,1.2139459e-02,-6.9470765e-02,-9.7812751e-02,3.9144901e-02,6.3205443e-02,1.1154674e-01,-1.1096869e-02,-4.4503298e-02,-7.0072442e-02,-8.8053869e-02,8.8542675e-02,-8.4254061e-02,9.2950776e-02,-4.9040535e-03,-6.2789855e-02,-8.5006033e-02,9.1103587e-02,1.1606306e-01,1.1043880e-01,9.3409743e-02,1.1733609e-01,1.1372487e-01,-5.1247265e-02,-1.0721751e-01,5.9185230e-02,7.2493677e-02,4.1080172e-02,-4.5769812e-02,4.5984137e-02,-1.3137217e-01,-7.3458933e-02,-1.1639568e-02,4.5094747e-02,8.8220092e-02,-6.4634972e-02,4.5739562e-02,-9.7996575e-02,9.3725527e-03,-1.1922514e-01,2.8570043e-02,-2.6074239e-03,-2.6711792e-02,-5.1307754e-02,-5.4474817e-02,7.8007069e-02,1.1005703e-01,1.2577460e-01,-1.2412035e-01,1.1418711e-01,8.2129782e-02,-8.0860876e-02,-1.6032958e-02,-5.9839218e-02,-1.2383376e-01,-1.1022324e-01,-1.0023206e-01,-7.2996882e-02,-1.0976910e-01,6.7146684e-02
-8.5603371e-02,9.2808735e-02,-7.2427827e-02,-6.8671335e-02,-4.6314399e-02,1.1066307e-01,1.0079534e-01,-6.9214079e-02,1.0228405e-02,2.5793387e-02,2.1162641e-02,-7.3990095e-02,8.4345175e-02,-7.2557540e-02,-4.3164668e-02,-6.4453163e-02,-3.0941394e-02,-1.4512528e-01,-5.6377064e-02,-6.8883454e-02,1.1658730e-02,-8.0189517e-02,-5.8385139e-02,-6.4246713e-02,2.5889088e-02,-1.0999736e-01,-4.4766185e-02,-1.1539263e-01,-5.6549755e-02,4.2673872e-02,-9.1727797e-02,7.0133843e-02,1.2782455e-01,9.6457487e-02,3.3995665e-02,-8.0939487e-04,-1.0800423e-01,7.7026170e-02,6.5254753e-02,9.0378775e-02,-8.8337130e-03,2.8677567e-02,5.9881591e-02,7.2355242e-02,-5.5682011e-02,-8.3091592e-02,-8.7580696e-03,3.5583096e-02,6.0956383e-02,5.5251307e-02,3.2462803e-02,-6.7349261e-02,4.9776376e-02,1.0125254e-01,2.8074467e-02,4.6658280e-02,-2.6886789e-02,-2.5663642e-02,-1.2558126e-01,-5.6891033e-02
-9.0614766e-03,3.2000841e-02,-9.6227854e-02,-1.2777946e-01,-1.1546471e-01,-1.1482457e-01,6.7858122e-02,-7.6826572e-02,1.4521251e-01,-1.4898583e-01,-9.7093476e-02,-1.3342806e-01,2.4945813e-04,4.7997600e-02,-4.1375902e-02,9.8836004e-02,1.0032689e-01,-8.6589413e-02,1.4047243e-01,1.1315689e-01,-9.6919483e-02,-2.0734232e-02,5.3915302e-02,5.5978952e-02,-5.7147266e-02,2.3670544e-02,2.9420461e-02,8.6743058e-02,-1.2738674e-01,4.2822186e-02,3.6437988e-02,-9.8632006e-02,-1.3006275e-01,-1.0520458e-01,7.9646854e-03,-2.1196479e-02,8.6041057e-02,2.9821591e-02,-4.0921916e-02,-2.2910006e-02,2.0863193e-02,-3.4243224e-02,-1.1824179e-02,1.6720882e-02,4.0304113e-02,-1.9782617e-02,7.1656999e-02,-1.2702454e-01,-1.0498419e-01,1.0199712e-01,-6.3492890e-03,6.6191121e-02,1.8146476e-01,7.1505270e-02,-5.4615769e-02,7.6824696e-02,-4.3134090e-02,5.4986097e-02,1.9485844e-02,9.2750821e-02
2.2238301e-02,4.0074514e-02,-9.8361370e-03,9.1939742e-02,7.1977318e-02,-1.7353031e-02,-1.1108792e-01,-8.6628396e-02,-3.9404232e-02,1.2995394e-01,9.0928804e-02,-9.7934886e-02,5.3075921e-02,-3.9350235e-02,-6.9879673e-02,1.0372988e-01,-5.6884856e-02,5.4514075e-02,-6.8343412e-02,-4.4009059e-02,-5.4918571e-02,-1.1870496e-01,-7.7694497e-02,-1.4132538e-02,5.9851752e-02,-8.6228415e-02,-1.8627729e-02,-1.6198406e-01,9.9042417e-02,-4.0540006e-02,-1.7029757e-02,7.1248345e-02,5.7864516e-02,1.7636988e-03,-1.4623574e-01,-8.2757653e-02,-1.1251120e-01,7.0307624e-02,4.4639919e-02,-1.3535249e-01,9.7367786e-02,-4.6123834e-02,-8.6980941e-02,-5.3713127e-02,1.5766389e-03,-2.5200196e-02,7.5553964e-02,-9.1858838e-02,-9.9953214e-02,6.3673797e-02,4.3895735e-02,-4.3011480e-03,-7.0852539e-02,-1.1183740e-01,5.9609360e-02,6.8127693e-02,-3.1455394e-02,-1.3938604e-01,4.6023792e-03,-1.2255630e-01
2.1523263e-02,9.1422470e-02,5.9029520e-02,7.9416768e-02,3.2936839e-02,-3.8930371e-02,4.4172837e-02,-2.1048058e-02,-5.1458797e-02,9.0424053e-02,-6.3612418e-02,9.0547059e-04,-1.2889752e-01,1.0059868e-01,1.9933202e-02,5.6286577e-04,-7.3598986e-03,1.0032813e-01,4.9900142e-02,1.2047639e-01,-4.7939440e-02,-1.1673985e-01,-1.7017209e-01,-8.0735262e-02,-2.2501769e-02,3.6158337e-02,-8.2709910e-02,-9.0789365e-02,-1.1443639e-02,6.2089773e-02,-1.0860499e-01,-1.0834184e-01,5.6141186e-03,-8.8836073e-02,1.3970887e-01,-5.8878403e-02,-6.3102912e-02,-2.6698844e-02,4.9198344e-02,1.4165185e-01,9.4920588e-02,4.6535445e-02,-9.5192194e-02,-7.6153967e-02,-1.0204970e-01,1.4971126e-02,9.7011318e-02,-4.9530624e-02,-1.6553789e-02,-6.1198828e-02,5.8639691e-02,1.4026956e-01,-1.3320779e-02,-3.7324535e-03,1.1649277e-01,-1.3915338e-02,8.9774257e-02,1.2325303e-01,-2.0618724e-02,-3.8464967e-02
9.9081715e-03,1.2151754e-01,-1.5487450e-02,-1.4234669e-01,1.0637579e-01,1.2165337e-01,-9.7635812e-02,-4.9085884e-02,-5.5285943e-02,-4.6769198e-02,7.7954204e-03,1.9144910e-03,-7.5572327e-02,1.1274895e-01,1.1947718e-01,-1.9890304e-02,1.2933219e-01,-1.1427654e-02,-1.4365759e-01,6.4408545e-02,-4.3710210e-02,3.2341810e-02,-5.9892704e-02,-1.6479032e-02,1.2555762e-01,5.5290770e-02,-1.0014357e-01,1.0084878e-01,4.3082817e-02,-1.0152110e-01,-9.0025621e-02,-2.5958987e-02,-3.8950683e-02,4.8565437e-02,1.2790898e-01,-4.9661843e-03,1.0688797e-01,2.0527399e-02,-1.0027206e-01,1.9673314e-01,-3.9966275e-02,-1.2236263e-01,1.6271138e-04,8.3921608e-02,-3.9984815e-02,2.9247886e-02,-6.8338908e-02,-1.5996794e-01,8.9429280e-02,-8.1448901e-02,-1.1073446e-01,1.0651678e-01,-1.7074359e-02,1.3434345e-01,6.8751789e-03,-3.8060092e-02,1.0463986e-02,6.5134219e-02,1.0323199e-01,1.6360882e-01
-2.1332257e-02,-2.5986125e-02,-2.9710598e-02,2.6308228e-02,-3.9541675e-02,-4.8161549e-02,6.5828208e-02,-9.4037138e-02,-1.1612935e-01,1.5714680e-01,-6.9273686e-02,-1.1540140e-01,6.2095846e-02,1.2497931e-01,3.5201018e-02,1.1730836e-01,-4.3727180e-02,-5.2367874e-02,5.5458437e-02,-9.6545148e-02,-1.3117771e-01,-5.3671250e-02,-1.9500980e-02,3.9061641e-02,3.8076438e-02,-1.2347233e-01,-1.1517759e-01,1.1906052e-01,-9.1161702e-02,2.3930175e-02,4.9052773e-02,-5.2968525e-02,-7.4745281e-04,9.9249051e-02,7.1328005e-02,1.7309143e-02,-7.2596268e-02,8.5143400e-02,-4.0985237e-02,-9.8880270e-02,-2.5614306e-02,7.0865558e-02,-6.6921514e-02,-1.3822108e-02,1.1911550e-01,-3.1770293e-02,-8.2229523e-02,5.1642987e-02,9.7904042e-02,-4.3896133e-02,4.4256247e-03,1.4076080e-02,-1.0255118e-01,-3.7623836e-02,-1.4924276e-01,7.3861188e-02,-9.1819547e-02,8.1652191e-02,5.2565266e-02,1.7079730e-02
-6.6904485e-02,1.3558174e-01,1.3563228e-01,1.0235170e-01,-7.3078261e-03,-3.9346694e-02,-1.2351176e-01,-2.7741250e-04,-4.6561149e-02,-1.9067127e-02,-1.1086805e-01,-1.1328106e-02,-2.0946899e-02,3.3596512e-02,-1.4300835e-01,-5.8362538e-02,1.2700972e-01,-3.3683590e-02,2.9649744e-02,-7.2384454e-02,-3.6406371e-02,-1.4784369e-01,-3.1392022e-02,4.0793854e-02,-4.0732149e-02,1.2868431e-01,9.1127460e-02,4.6336687e-02,4.1032931e-02,-6.8354617e-02,9.4717609e-02,-6.4977623e-02,-5.5553999e-02,-5.1107849e-02,-4.5798736e-02,9.0437083e-02,-9.3148207e-02,-3.1832621e-02,1.2754081e-01,3.0402746e-02,6.6028073e-02,-4.1130779e-02,2.3973080e-02,1.0159026e-01,-1.2878988e-01,8.5281310e-02,5.6300879e-02,2.2947466e-01,7.0872640e-02,4.3274657e-02,1.7468354e-02,1.2042151e-01,5.2919851e-02,6.0820953e-02,3.3145158e-02,8.1564379e-02,1.2733135e-01,-7.5335254e-02,-1.2409427e-01,3.9190643e-02
6.8102414e-02,-6.7928791e-02,-9.8524813e-02,9.5751691e-03,-8.9189435e-02,1.0659820e-01,-6.9328596e-02,-3.5903881e-02,1.1765446e-01,-7.8147686e-02,1.1853616e-01,-1.6999690e-02,5.9175216e-02,1.2371865e-01,1.2535683e-01,5.7244687e-02,3.0135759e-02,2.5222167e-02,1.3878019e-02,4.3855911e-02,-1.8457644e-02,1.0251252e-01,2.8788597e-02,3.5013940e-03,1.0893594e-01,8.4101856e-02,-6.0688715e-02,-5.7935722e-02,2.8081351e-02,2.7297277e-02,-5.4481056e-02,5.5164191e-02,3.9530217e-02,-1.5237310e-02,-1.1845388e-01,-3.1301287e-02,-1.2837329e-02,-1.9812524e-02,-9.3226327e-02,8.1956799e-02,-2.1605042e-03,-7.8002579e-02,-1.0037291e-01,1.8572475e-02,-5.9619701e-02,5.9760720e-02,-3.5500540e-02,-6.3999557e-03,1.7881141e-02,-9.0335890e-02,2.8873652e-02,4.3653014e-02,-6.2178886e-02,3.1640254e-02,-1.8510712e-02,-4.7877393e-02,1.1693323e-01,-6.2921381e-02,-9.4873743e-02,-1.4794474e-01
-1.7801725e-03,4.4744310e-02,9.6912301e-02,7.0558708e-02,-9.6986840e-02,-3.4724414e-02,-9.2702342e-02,1.2307643e-01,-1.2284785e-01,6.3986539e-02,4.3457004e-02,-1.6845142e-02,-5.9433492e-03,-6.6324180e-02,-6.3340903e-02,5.2246754e-03,1.0018145e-01,-5.8640639e-02,-9.6502392e-02,-1.6028752e-02,-1.0596697e-01,3.9731217e-02,-3.6650588e-02,-8.9158517e-02,6.9781295e-02,7.5660937e-02,-1.2016657e-01,4.3475661e-02,5.9000104e-04,7.4180821e-02,9.2934376e-03,2.8576118e-02,9.9698856e-02,3.4876304e-02,-4.3965301e-02,-1.2545677e-01,-8.4016966e-02,-1.1978165e-01,-4.1327529e-02,-6.4132430e-02,1.1621936e-02,-7.0470551e-02,6.8948841e-02,1.8360059e-02,-1.1952967e-01,-1.1853201e-01,1.0546314e-01,9.2851758e-03,-9.0460624e-02,-1.2249059e-03,6.0242540e-03,-8.9617469e-02,-4.1572927e-02,7.0081246e-03,-8.9110536e-02,-2.4470061e-02,-6.5395076e-02,-2.9656986e-02,5.2723412e-02,-6.4328706e-03
-1.1880770e-01,-2.2713349e-03,2.4885300e-02,8.2046273e-02,6.9969607e-02,-4.2934757e-02,-5.1684042e-02,-2.7746127e-03,8.8287647e-02,-7.1594883e-02,-1.1356319e-01,-2.8421694e-02,3.4843292e-02,-9.6901080e-02,7.2442856e-02,5.3503479e-02,2.1474523e-02,1.1105755e-02,4.6201421e-02,-1.1489399e-01,-1.2571052e-01,8.1967933e-02,-6.2466820e-02,6.3933545e-02,-6.1729113e-02,-6.0052981e-02,5.9258663e-02,-2.6062263e-02,1.2152718e-01,-6.8400294e-03,5.7768771e-02,4.4703470e-02,-1.1001289e-01,-5.1055343e-02,-4.0674116e-02,2.1228897e-02,-1.2890416e-01,2.2434116e-02,-4.7799645e-03,-7.5135031e-02,-1.3538443e-02,4.9101543e-02,1.0295297e-01,-6.5855860e-02,-7.3706002e-02,-1.1366937e-01,2.2412391e-02,9.7024504e-02,1.8846302e-02,2.5442789e-02,3.3913530e-02,4.5268130e-03,9.5620342e-03,-1.2609840e-01,5.3537122e-02,-1.2906316e-01,9.5062532e-02,-4.9982153e-02,1.1215950e-01,-7.7185130e-02
-6.0437975e-02,9.5177797e-02,-3.6735091e-02,-1.0447267e-01,4.2451179e-02,1.2293799e-01,5.0835361e-02,1.1432282e-01,3.3088818e-02,-2.2339046e-02,5.2870565e-02,-2.0778748e-02,4.9299555e-03,-6.7343277e-02,-4.3909761e-02,-9.6674348e-02,-1.0515670e-01,-1.1441690e-01,-2.4195617e-02,1.7909738e-03,-3.6928977e-02,6.5381839e-02,-1.2348749e-01,5.9821115e-02,7.3941443e-03,-2.2108251e-02,2.9297436e-02,2.5413370e-02,7.8491695e-02,3.1143415e-02,1.2375842e-01,2.1716254e-02,-3.1226540e-02,-6.6145329e-02,2.9964368e-02,9.8567389e-02,-7.3821981e-02,1.8312873e-02,1.6979433e-02,1.1951023e-01,-4.3677736e-02,-2.3870536e-02,-8.7750919e-02,-4.6025955e-02,-5.3316537e-02,-9.6089631e-02,6.3029074e-02,-1.1951874e-01,1.2005771e-01,1.0066084e-02,-8.7723527e-02,-3.0664658e-02,-3.0356671e-03,-2.0392820e-02,8.5837921e-02,-1.0259565e-01,5.4103083e-02,-1.2772327e-01,-1.2554206e-01,2.6818269e-02
3.9647365e-02,-3.8849516e-02,9.7303921e-02,-1.0765539e-01,-1.8257648e-02,-3.0477273e-02,-6.9089064e-02,1.1866567e-01,2.7257697e-02,-8.8065298e-02,-1.2993702e-01,5.9956244e-03,-1.1204983e-02,2.5191275e-03,4.7349351e-02,-1.2989149e-01,7.4191469e-02,1.8077808e-02,7.2843286e-02,-1.4438524e-02,-7.4934018e-02,1.0179412e-01,1.2423540e-01,-9.5233277e-02,1.0658183e-01,1.8526208e-02,-9.4895466e-02,-5.1196740e-02,8.4088684e-02,-6.1731480e-02,-8.9807773e-02,-9.9525221e-03,-1.3055129e-01,1.5378705e-01,-3.1005400e-02,9.4863284e-02,-1.6080706e-03,1.4721837e-03,-2.3157749e-02,-3.7012551e-02,-1.0978501e-01,-3.5122807e-02,-9.5110014e-02,1.1492780e-02,2.0814316e-02,-5.4019457e-02,-2.0289826e-02,-8.1284156e-02,-9.3963381e-02,1.0298729e-01,-5.0271463e-02,2.1783187e-02,2.5602406e-02,6.1554721e-02,1.4358764e-01,7.1646692e-02,6.3283914e-02,-9.1886772e-02,-3.6786244e-02,-2.3251569e-02
-6.1842162e-02,-4.1672219e-02,1.0787725e-01,1.0152310e-01,1.2885666e-01,-7.8460139e-02,-1.2805203e-01,-1.0816691e-01,9.7663028e-02,5.2460709e-02,1.1740456e-01,-7.0268890e-02,2.8249932e-02,1.2264874e-01,7.1258127e-02,-4.5151618e-02,-9.9100283e-02,-6.2698143e-02,2.1181849e-02,7.1585450e-02,-1.2038614e-01,1.0766723e-01,-1.3794779e-02,-4.3033036e-02,6.9649558e-02,6.5873292e-02,-5.6482891e-02,-9.9959370e-02,-9.9594836e-02,4.7006583e-02,-8.5700936e-02,-6.9956614e-02,-1.2670384e-01,-6.1685382e-02,1.2393558e-01,2.5524407e-02,4.7358821e-02,-1.0661002e-01,-9.1203870e-02,-1.2241770e-01,-1.0925913e-01,-2.1085854e-02,9.2597309e-02,7.6607722e-02,-7.7948497e-02,-1.0899528e-01,-1.1740458e-01,-4.6683240e-02,-2.4493059e-02,-1.1187912e-01,1.4877803e-02,1.2349116e-01,-6.4800669e-02,-4.2405208e-02,1.1481264e-01,-1.0800862e-01,3.1334028e-02,3.0957695e-03,9.9992174e-02,6.6429400e-02
7.9553889e-02,-1.8837296e-03,1.0461166e-01,5.4221915e-02,-7.1234325e-02,9.7296265e-02,1.1670183e-01,-1.0007677e-02,1.0902362e-01,-9.2143073e-02,2.3528644e-02,1.2387964e-01,-1.0328577e-01,3.7879653e-02,-3.9208078e-02,-1.0166747e-01,4.3385391e-02,-1.2654980e-01,8.6176323e-02,7.3413043e-02,8.2716076e-02,3.5226645e-03,-7.8923012e-02,7.0654994e-03,1.5713309e-02,2.0743353e-02,-5.6125430e-02,2.6451160e-02,-1.4251251e-03,9.8411303e-02,5.1010772e-02,-3.6851766e-02,-7.7548223e-02,-5.5720467e-02,-8.7535329e-02,-5.6486033e-02,-7.2072764e-02,-4.4913369e-02,3.7388369e-02,-7.9310019e-02,-3.0281187e-02,4.2334972e-02,-1.3550648e-01,-1.9671180e-04,1.1986897e-01,7.5932669e-02,-1.1708018e-01,-1.3952551e-02,4.9533387e-02,1.2315411e-02,5.3670396e-02,4.6033688e-02,-4.6863688e-02,-3.4004204e-02,2.4088096e-02,7.2280976e-02,-7.8695226e-02,7.7759601e-02,1.2677895e-01,2.1495578e-02
7.0451904e-02,-8.6209687e-02,5.4922928e-02,2.3537481e-02,-3.6577203e-02,2.8343954e-02,-1.0594854e-01,-1.2251685e-01,-8.7187982e-02,6.2058837e-02,-1.1817112e-01,-6.2415654e-02,-3.0343686e-02,8.7171626e-02,5.3194069e-02,4.7699139e-02,1.3008911e-01,2.6682989e-02,-1.2854496e-01,7.7662599e-02,8.2217097e-02,-9.9917219e-03,-1.4653233e-01,1.6413987e-01,1.1828664e-01,-2.6236850e-02,5.1999533e-02,-1.2055810e-01,8.8710027e-02,2.6917315e-02,-1.0458121e-01,-4.0082216e-02,-9.5226540e-02,-4.8826677e-03,1.6976078e-02,-9.6052579e-03,-1.1821855e-02,3.3432141e-02,4.3315631e-02,-1.7967427e-02,1.0376157e-01,1.1036813e-01,-8.9308743e-02,1.2284672e-01,1.2009995e-01,-3.0103539e-02,-3.7166781e-02,1.2205139e-02,9.1504639e-02,8.8161142e-02,-2.4721425e-02,-7.1263951e-02,9.0638422e-02,1.4982633e-02,-6.2129142e-02,5.0281333e-02,-7.5154444e-04,7.9678055e-02,-4.9630247e-02,-1.0673920e-01
-9.8698820e-02,-3.4080392e-02,-8.7358294e-02,1.0628498e-01,-7.9967609e-02,8.3613210e-02,-7.0580879e-05,8.4170943e-02,6.6687540e-02,-6.4964164e-02,1.1311479e-01,-6.2643741e-02,7.0404884e-02,1.4840165e-02,-4.0598152e-02,1.3045128e-02,-1.8398848e-02,-4.9883846e-02,4.6188832e-02,-6.4132219e-02,5.8482387e-02,-4.0814146e-02,-5.1125397e-02,-1.2406328e-01,-5.0327315e-02,-1.7060104e-02,-1.1212678e-01,1.1065239e-01,4.3338812e-02,-7.8803917e-02,1.0344362e-01,1.2928025e-01,3.1421927e-02,1.0815614e-01,-1.0705014e-01,-1.0494428e-01,1.0288290e-01,1.0418452e-01,8.8328867e-02,-4.5184633e-02,3.7574471e-02,-6.9047564e-02,2.0275396e-02,-9.3050613e-02,3.0971565e-02,-1.0087947e-02,-4.3109506e-03,-1.4741750e-02,1.4576665e-01,6.9804954e-02,2.4382015e-02,-1.1035557e-01,-1.5261441e-02,6.7930463e-02,1.5645079e-01,5.3178648e-02,-7.4831751e-02,9.6951782e-02,-1.1270471e-01,1.9029068e-01
1.1465640e-01,-6.0208332e-02,1.3634447e-01,-5.7249514e-02,6.3886534e-02,-7.5737405e-02,8.9288134e-02,-1.4046907e-02,8.8773533e-02,-1.1097265e-02,2.9862226e-02,-7.2996060e-02,-8.5706895e-02,8.1745294e-02,4.9700340e-02,-1.1270210e-01,-1.1138404e-02,-1.0513141e-01,1.3271355e-01,-2.3636251e-02,-1.7190439e-01,5.8086036e-02,1.9041089e-01,6.6685272e-02,9.3878162e-02,3.3972925e-02,-4.0926756e-02,1.6525286e-02,1.1684047e-01,-6.6770424e-02,1.3926314e-01,4.1924067e-02,1.4415686e-01,3.6843446e-03,-1.7913118e-01,-7.1357973e-02,-1.0170155e-01,1.4870963e-01,1.4019344e-01,-1.5509517e-01,-7.5166452e-02,1.6931146e-01,6.5898877e-02,-2.4588182e-02,1.3654934e-01,1.2801738e-01,2.0069612e-02,-2.3552872e-02,3.6571310e-02,-7.6703787e-02,1.8658017e-01,-6.7021664e-03,-5.6206745e-02,-3.7594960e-02,-1.2591634e-01,-8.2583229e-02,-1.1228891e-01,9.7791492e-02,-7.0709920e-02,2.6656446e-03

1.8340189e-03,-1.1017824e-02,-4.8540694e-02,-9.4959641e-02,1.0665215e-02,8.0991692e-03,5.6135704e-02,-6.6403505e-02,1.1842499e-01,1.1088832e-01,7.1462710e-02,4.1543669e-02,-1.2328179e-01,9.8212372e-02,1.9471513e-02,-1.2634228e-01,-7.0527334e-02,4.1408903e-02,8.0892519e-02,2.0569076e-03,-1.0372637e-01,9.9804020e-02,1.0318531e-01,3.2314653e-02,8.0932394e-02,-9.7898972e-02,1.0685576e-01,-5.3075699e-02,-8.2364904e-02,-1.1189720e-01,3.6182068e-02,-1.3501988e-01,-2.3190015e-02,1.5039099e-02,2.8612500e-02,1.9420346e-02,1.0747618e-01,4.9771487e-03,1.2012428e-01,-2.7361635e-03,-3.2368295e-02,-5.9515620e-02,-9.2388351e-02,-9.5944439e-02,-3.9201579e-02,-1.1678984e-01,-1.0863014e-01,8.5806234e-02,-7.3946477e-02,4.1512972e-02

-2.7656460e-02,1.8484324e-02,-1.0141200e-01,-8.5192639e-02,2.3068898e-02,-4.3725552e-02,-7.8787604e-02,7.3433056e-02,1.0375400e-02,-9.0762679e-02,1.1387340e-01,1.0180877e-01,1.1161528e-01,-1.3960570e-01,-1.3969245e-01,1.2517699e-01,-1.4330305e-02,1.0085499e-01,7.4311856e-02,7.1189244e-02,5.8191105e-02,-4.1410805e-02,1.0530286e-01,-1.2775343e-01,-4.4356481e-02,1.8615459e-03,-5.0240974e-02,-7.9923905e-02,1.3112216e-02,1.0845052e-01,-1.0358503e-01,-1.1388734e-01,1.1464718e-02,1.5036572e-01,3.7842329e-02,-9.2258978e-02,1.2577747e-02,2.2922115e-01,-6.6782441e-02,-3.1231814e-02,5.6367858e-02,-1.1491159e-01,6.2853801e-02,9.1521016e-02,8.5449786e-02,-1.0659425e-01,3.8196833e-02,-8.9999267e-02,1.0318492e-01,-7.3597295e-02
-1.0848928e-01,1.7798171e-01,-3.9497246e-03,9.0556768e-02,-1.1500613e-01,-1.2656161e-01,8.2057798e-02,-5.8535177e-02,-8.0720736e-02,-9.7625077e-02,-7.6265484e-02,9.9781560e-02,-3.4039830e-02,5.3276902e-02,-8.8704141e-02,-5.5390934e-02,-1.1921515e-01,3.6266789e-02,-3.7835124e-02,-7.1055554e-02,5.6574136e-02,2.6298942e-02,-8.8100216e-02,-4.4630352e-02,2.1153052e-02,1.7523580e-02,-5.1475498e-02,1.3134826e-01,7.9437742e-02,6.6318186e-02,6.6561776e-02,4.1629006e-02,1.1988804e-01,1.2004657e-01,6.0331288e-02,7.6203739e-02,-1.2705045e-01,-1.9227806e-01,-1.3523713e-01,-1.2966209e-01,1.4510309e-01,-2.8843193e-02,-1.6606238e-02,-3.2979329e-02,7.4437898e-02,2.2151311e-02,5.6982497e-02,-1.5537927e-01,-8.1001502e-02,8.6610575e-02
8.2301387e-02,-1.6859053e-01,7.6530403e-02,1.1416004e-01,6.9932908e-03,1.3563975e-01,9.4176163e-02,6.7736724e-02,2.8712372e-02,3.3200002e-02,-2.0422291e-03,-8.6991002e-02,-1.3303357e-01,-9.5204437e-02,-4.3153493e-02,1.2055166e-01,-8.5093971e-03,-9.8851743e-02,1.4994935e-01,1.6895922e-01,-8.9408851e-02,9.9273472e-02,1.4374777e-01,-3.5374109e-02,1.8837000e-02,-4.7275871e-02,7.2524553e-02,8.7793096e-02,-6.5850830e-02,-1.3411193e-01,-5.7913975e-02,-5.7144954e-02,-4.7718835e-02,-2.2458061e-03,4.3543448e-02,6.7616706e-02,1.4351786e-01,1.1550934e-01,-1.4764570e-01,-8.8889314e-02,7.6038943e-02,1.2797824e-01,-6.2360429e-02,-1.0499191e-01,-1.1122190e-01,6.7424508e-02,2.8952117e-03,-1.2988847e-03,1.3696948e-01,-1.3725556e-01

-6.0774838e-02,7.0315694e-02,-9.0229894e-02

